0 0.5875 0.99375 0.015625 0.020833333333333332
0 0.2109375 0.9020833333333333 0.015625 0.020833333333333332
0 0.803125 0.89375 0.015625 0.020833333333333332
0 0.740625 0.8729166666666667 0.015625 0.020833333333333332
0 0.14375 0.8729166666666667 0.015625 0.020833333333333332
0 0.2953125 0.8708333333333333 0.015625 0.020833333333333332
0 0.0765625 0.8666666666666667 0.015625 0.020833333333333332
0 0.6828125 0.8229166666666666 0.015625 0.020833333333333332
0 0.0203125 0.80625 0.015625 0.020833333333333332
0 0.3515625 0.68125 0.015625 0.020833333333333332
0 0.25625 0.675 0.015625 0.020833333333333332
0 0.690625 0.66875 0.015625 0.020833333333333332
0 0.4625 0.6104166666666667 0.015625 0.020833333333333332
0 0.6203125 0.5729166666666666 0.015625 0.020833333333333332
0 0.196875 0.46875 0.015625 0.020833333333333332
0 0.828125 0.4625 0.015625 0.020833333333333332
0 0.1546875 0.4270833333333333 0.015625 0.020833333333333332
0 0.9421875 0.39166666666666666 0.015625 0.020833333333333332
0 0.259375 0.39166666666666666 0.015625 0.020833333333333332
0 0.3140625 0.33125 0.015625 0.020833333333333332
0 0.590625 0.30416666666666664 0.015625 0.020833333333333332
0 0.5109375 0.29583333333333334 0.015625 0.020833333333333332
0 0.790625 0.26666666666666666 0.015625 0.020833333333333332
0 0.303125 0.13958333333333334 0.015625 0.020833333333333332
0 0.69375 0.13125 0.015625 0.020833333333333332
0 0.940625 0.12708333333333333 0.015625 0.020833333333333332
0 0.1125 0.11875 0.015625 0.020833333333333332
0 0.009375 0.07916666666666666 0.015625 0.020833333333333332
0 0.2171875 0.075 0.015625 0.020833333333333332
0 0.93125 0.052083333333333336 0.015625 0.020833333333333332