0 0.184375 0.9583333333333334 0.015625 0.020833333333333332
0 0.334375 0.95 0.015625 0.020833333333333332
0 0.0109375 0.8125 0.015625 0.020833333333333332
0 0.9203125 0.7770833333333333 0.015625 0.020833333333333332
0 0.1453125 0.775 0.015625 0.020833333333333332
0 0.1765625 0.68125 0.015625 0.020833333333333332
0 0.13125 0.61875 0.015625 0.020833333333333332
0 0.665625 0.5958333333333333 0.015625 0.020833333333333332
0 0.265625 0.58125 0.015625 0.020833333333333332
0 0.265625 0.5333333333333333 0.015625 0.020833333333333332
0 0.1015625 0.5333333333333333 0.015625 0.020833333333333332
0 0.6484375 0.5208333333333334 0.015625 0.020833333333333332
0 0.09375 0.4666666666666667 0.015625 0.020833333333333332
0 0.0234375 0.41458333333333336 0.015625 0.020833333333333332
0 0.271875 0.36041666666666666 0.015625 0.020833333333333332
0 0.3328125 0.3541666666666667 0.015625 0.020833333333333332
0 0.153125 0.33541666666666664 0.015625 0.020833333333333332
0 0.3125 0.26666666666666666 0.015625 0.020833333333333332
0 0.9390625 0.21875 0.015625 0.020833333333333332
0 0.5421875 0.16458333333333333 0.015625 0.020833333333333332
0 0.3171875 0.1625 0.015625 0.020833333333333332
0 0.178125 0.10208333333333333 0.015625 0.020833333333333332
0 0.5140625 0.016666666666666666 0.015625 0.020833333333333332