0 0.01875 0.8833333333333333 0.015625 0.020833333333333332
0 0.078125 0.8625 0.015625 0.020833333333333332
0 0.771875 0.84375 0.015625 0.020833333333333332
0 0.721875 0.8270833333333333 0.015625 0.020833333333333332
0 0.3625 0.8166666666666667 0.015625 0.020833333333333332
0 0.140625 0.7708333333333334 0.015625 0.020833333333333332
0 0.7484375 0.7520833333333333 0.015625 0.020833333333333332
0 0.58125 0.75 0.015625 0.020833333333333332
0 0.55625 0.7104166666666667 0.015625 0.020833333333333332
0 0.046875 0.625 0.015625 0.020833333333333332
0 0.9734375 0.5541666666666667 0.015625 0.020833333333333332
0 0.40625 0.525 0.015625 0.020833333333333332
0 0.2578125 0.5145833333333333 0.015625 0.020833333333333332
0 0.871875 0.48125 0.015625 0.020833333333333332
0 0.5890625 0.4791666666666667 0.015625 0.020833333333333332
0 0.70625 0.45 0.015625 0.020833333333333332
0 0.4390625 0.44583333333333336 0.015625 0.020833333333333332
0 0.7609375 0.4 0.015625 0.020833333333333332
0 0.890625 0.3958333333333333 0.015625 0.020833333333333332
0 0.221875 0.3854166666666667 0.015625 0.020833333333333332
0 0.56875 0.28541666666666665 0.015625 0.020833333333333332
0 0.6765625 0.24791666666666667 0.015625 0.020833333333333332
0 0.4828125 0.21458333333333332 0.015625 0.020833333333333332
0 0.165625 0.21041666666666667 0.015625 0.020833333333333332
0 0.1859375 0.17916666666666667 0.015625 0.020833333333333332
0 0.3765625 0.07916666666666666 0.015625 0.020833333333333332