0 0.19375 0.9291666666666667 0.015625 0.020833333333333332
0 0.0796875 0.875 0.015625 0.020833333333333332
0 0.4078125 0.8541666666666666 0.015625 0.020833333333333332
0 0.265625 0.84375 0.015625 0.020833333333333332
0 0.10625 0.84375 0.015625 0.020833333333333332
0 0.60625 0.83125 0.015625 0.020833333333333332
0 0.859375 0.8208333333333333 0.015625 0.020833333333333332
0 0.2109375 0.8020833333333334 0.015625 0.020833333333333332
0 0.10625 0.6833333333333333 0.015625 0.020833333333333332
0 0.7515625 0.6416666666666667 0.015625 0.020833333333333332
0 0.0984375 0.5 0.015625 0.020833333333333332
0 0.2921875 0.4625 0.015625 0.020833333333333332
0 0.7875 0.45 0.015625 0.020833333333333332
0 0.1640625 0.4479166666666667 0.015625 0.020833333333333332
0 0.1046875 0.34375 0.015625 0.020833333333333332
0 0.2859375 0.325 0.015625 0.020833333333333332
0 0.9546875 0.22708333333333333 0.015625 0.020833333333333332
0 0.546875 0.17291666666666666 0.015625 0.020833333333333332
0 0.6796875 0.1625 0.015625 0.020833333333333332
0 0.384375 0.15833333333333333 0.015625 0.020833333333333332
0 0.0671875 0.15208333333333332 0.015625 0.020833333333333332
0 0.7125 0.10416666666666667 0.015625 0.020833333333333332
0 0.590625 0.05416666666666667 0.015625 0.020833333333333332
0 0.3140625 0.052083333333333336 0.015625 0.020833333333333332
0 0.5265625 0.016666666666666666 0.015625 0.020833333333333332
0 0.4390625 0.010416666666666666 0.015625 0.020833333333333332