0 0.0484375 0.9333333333333333 0.015625 0.020833333333333332
0 0.1625 0.9166666666666666 0.015625 0.020833333333333332
0 0.384375 0.9083333333333333 0.015625 0.020833333333333332
0 0.240625 0.8854166666666666 0.015625 0.020833333333333332
0 0.471875 0.85625 0.015625 0.020833333333333332
0 0.06875 0.8375 0.015625 0.020833333333333332
0 0.2859375 0.8270833333333333 0.015625 0.020833333333333332
0 0.1234375 0.8145833333333333 0.015625 0.020833333333333332
0 0.025 0.7854166666666667 0.015625 0.020833333333333332
0 0.778125 0.69375 0.015625 0.020833333333333332
0 0.6921875 0.6875 0.015625 0.020833333333333332
0 0.365625 0.60625 0.015625 0.020833333333333332
0 0.9203125 0.58125 0.015625 0.020833333333333332
0 0.428125 0.5395833333333333 0.015625 0.020833333333333332
0 0.65 0.46041666666666664 0.015625 0.020833333333333332
0 0.55625 0.4479166666666667 0.015625 0.020833333333333332
0 0.7921875 0.43333333333333335 0.015625 0.020833333333333332
0 0.853125 0.41875 0.015625 0.020833333333333332
0 0.3578125 0.35833333333333334 0.015625 0.020833333333333332
0 0.4171875 0.35208333333333336 0.015625 0.020833333333333332
0 0.3234375 0.27708333333333335 0.015625 0.020833333333333332
0 0.1125 0.2604166666666667 0.015625 0.020833333333333332
0 0.2765625 0.20416666666666666 0.015625 0.020833333333333332
0 0.6140625 0.175 0.015625 0.020833333333333332
0 0.65 0.14791666666666667 0.015625 0.020833333333333332
0 0.340625 0.07291666666666667 0.015625 0.020833333333333332