0 0.2046875 0.9666666666666667 0.015625 0.020833333333333332
0 0.3953125 0.9645833333333333 0.015625 0.020833333333333332
0 0.29375 0.9541666666666667 0.015625 0.020833333333333332
0 0.5171875 0.9416666666666667 0.015625 0.020833333333333332
0 0.571875 0.8270833333333333 0.015625 0.020833333333333332
0 0.5546875 0.7833333333333333 0.015625 0.020833333333333332
0 0.74375 0.7354166666666667 0.015625 0.020833333333333332
0 0.8953125 0.70625 0.015625 0.020833333333333332
0 0.040625 0.6458333333333334 0.015625 0.020833333333333332
0 0.1984375 0.5645833333333333 0.015625 0.020833333333333332
0 0.5765625 0.5229166666666667 0.015625 0.020833333333333332
0 0.6546875 0.48541666666666666 0.015625 0.020833333333333332
0 0.6171875 0.42916666666666664 0.015625 0.020833333333333332
0 0.203125 0.37083333333333335 0.015625 0.020833333333333332
0 0.040625 0.3541666666666667 0.015625 0.020833333333333332
0 0.3421875 0.31666666666666665 0.015625 0.020833333333333332
0 0.9703125 0.27291666666666664 0.015625 0.020833333333333332
0 0.2140625 0.22916666666666666 0.015625 0.020833333333333332
0 0.6453125 0.1125 0.015625 0.020833333333333332
0 0.1703125 0.08958333333333333 0.015625 0.020833333333333332