0 0.05 0.94375 0.015625 0.020833333333333332
0 0.9109375 0.9229166666666667 0.015625 0.020833333333333332
0 0.275 0.8395833333333333 0.015625 0.020833333333333332
0 0.53125 0.7854166666666667 0.015625 0.020833333333333332
0 0.1640625 0.7770833333333333 0.015625 0.020833333333333332
0 0.2390625 0.76875 0.015625 0.020833333333333332
0 0.159375 0.7333333333333333 0.015625 0.020833333333333332
0 0.8 0.6604166666666667 0.015625 0.020833333333333332
0 0.1953125 0.63125 0.015625 0.020833333333333332
0 0.278125 0.625 0.015625 0.020833333333333332
0 0.440625 0.61875 0.015625 0.020833333333333332
0 0.5734375 0.5166666666666667 0.015625 0.020833333333333332
0 0.2203125 0.4625 0.015625 0.020833333333333332
0 0.1046875 0.42083333333333334 0.015625 0.020833333333333332
0 0.671875 0.3958333333333333 0.015625 0.020833333333333332
0 0.4625 0.28541666666666665 0.015625 0.020833333333333332
0 0.0390625 0.2833333333333333 0.015625 0.020833333333333332
0 0.7046875 0.19166666666666668 0.015625 0.020833333333333332
0 0.6984375 0.14583333333333334 0.015625 0.020833333333333332
0 0.2890625 0.11041666666666666 0.015625 0.020833333333333332
0 0.4296875 0.07916666666666666 0.015625 0.020833333333333332
0 0.98125 0.03958333333333333 0.015625 0.020833333333333332