0 0.0796875 0.9729166666666667 0.015625 0.020833333333333332
0 0.5125 0.9708333333333333 0.015625 0.020833333333333332
0 0.7921875 0.9604166666666667 0.015625 0.020833333333333332
0 0.45625 0.9458333333333333 0.015625 0.020833333333333332
0 0.190625 0.93125 0.015625 0.020833333333333332
0 0.421875 0.8583333333333333 0.015625 0.020833333333333332
0 0.9859375 0.85 0.015625 0.020833333333333332
0 0.6109375 0.8479166666666667 0.015625 0.020833333333333332
0 0.2875 0.81875 0.015625 0.020833333333333332
0 0.59375 0.8083333333333333 0.015625 0.020833333333333332
0 0.79375 0.7791666666666667 0.015625 0.020833333333333332
0 0.4625 0.7229166666666667 0.015625 0.020833333333333332
0 0.1578125 0.7145833333333333 0.015625 0.020833333333333332
0 0.309375 0.7104166666666667 0.015625 0.020833333333333332
0 0.21875 0.6958333333333333 0.015625 0.020833333333333332
0 0.3015625 0.6625 0.015625 0.020833333333333332
0 0.871875 0.65 0.015625 0.020833333333333332
0 0.6796875 0.63125 0.015625 0.020833333333333332
0 0.6828125 0.5770833333333333 0.015625 0.020833333333333332
0 0.421875 0.5708333333333333 0.015625 0.020833333333333332
0 0.2625 0.5479166666666667 0.015625 0.020833333333333332
0 0.8375 0.5416666666666666 0.015625 0.020833333333333332
0 0.503125 0.5270833333333333 0.015625 0.020833333333333332
0 0.2671875 0.5083333333333333 0.015625 0.020833333333333332
0 0.346875 0.48541666666666666 0.015625 0.020833333333333332
0 0.1453125 0.44583333333333336 0.015625 0.020833333333333332
0 0.528125 0.40625 0.015625 0.020833333333333332
0 0.609375 0.38958333333333334 0.015625 0.020833333333333332
0 0.1453125 0.3875 0.015625 0.020833333333333332
0 0.5109375 0.3541666666666667 0.015625 0.020833333333333332
0 0.559375 0.34791666666666665 0.015625 0.020833333333333332
0 0.13125 0.24375 0.015625 0.020833333333333332
0 0.784375 0.20625 0.015625 0.020833333333333332
0 0.875 0.19375 0.015625 0.020833333333333332
0 0.1234375 0.13125 0.015625 0.020833333333333332
0 0.05625 0.125 0.015625 0.020833333333333332
0 0.7765625 0.05 0.015625 0.020833333333333332
0 0.5828125 0.027083333333333334 0.015625 0.020833333333333332