0 0.428125 0.9708333333333333 0.015625 0.020833333333333332
0 0.5171875 0.9291666666666667 0.015625 0.020833333333333332
0 0.26875 0.8770833333333333 0.015625 0.020833333333333332
0 0.759375 0.8104166666666667 0.015625 0.020833333333333332
0 0.00625 0.7958333333333333 0.015625 0.020833333333333332
0 0.590625 0.7354166666666667 0.015625 0.020833333333333332
0 0.40625 0.7229166666666667 0.015625 0.020833333333333332
0 0.3359375 0.7208333333333333 0.015625 0.020833333333333332
0 0.1015625 0.71875 0.015625 0.020833333333333332
0 0.4609375 0.70625 0.015625 0.020833333333333332
0 0.0578125 0.6895833333333333 0.015625 0.020833333333333332
0 0.7375 0.6229166666666667 0.015625 0.020833333333333332
0 0.53125 0.6229166666666667 0.015625 0.020833333333333332
0 0.0078125 0.5333333333333333 0.015625 0.020833333333333332
0 0.490625 0.5208333333333334 0.015625 0.020833333333333332
0 0.36875 0.5 0.015625 0.020833333333333332
0 0.8890625 0.48541666666666666 0.015625 0.020833333333333332
0 0.9359375 0.48125 0.015625 0.020833333333333332
0 0.7421875 0.4354166666666667 0.015625 0.020833333333333332
0 0.0171875 0.4083333333333333 0.015625 0.020833333333333332
0 0.559375 0.35 0.015625 0.020833333333333332
0 0.4203125 0.20833333333333334 0.015625 0.020833333333333332
0 0.0203125 0.20208333333333334 0.015625 0.020833333333333332
0 0.109375 0.2 0.015625 0.020833333333333332
0 0.25625 0.08125 0.015625 0.020833333333333332
0 0.740625 0.075 0.015625 0.020833333333333332
0 0.69375 0.035416666666666666 0.015625 0.020833333333333332