0 0.7765625 0.9791666666666666 0.015625 0.020833333333333332
0 0.365625 0.9729166666666667 0.015625 0.020833333333333332
0 0.0828125 0.8729166666666667 0.015625 0.020833333333333332
0 0.1796875 0.8708333333333333 0.015625 0.020833333333333332
0 0.5828125 0.8166666666666667 0.015625 0.020833333333333332
0 0.634375 0.8083333333333333 0.015625 0.020833333333333332
0 0.48125 0.7375 0.015625 0.020833333333333332
0 0.7890625 0.7333333333333333 0.015625 0.020833333333333332
0 0.7296875 0.7083333333333334 0.015625 0.020833333333333332
0 0.14375 0.6979166666666666 0.015625 0.020833333333333332
0 0.4109375 0.68125 0.015625 0.020833333333333332
0 0.796875 0.6708333333333333 0.015625 0.020833333333333332
0 0.715625 0.6645833333333333 0.015625 0.020833333333333332
0 0.6 0.6604166666666667 0.015625 0.020833333333333332
0 0.84375 0.5666666666666667 0.015625 0.020833333333333332
0 0.7546875 0.5645833333333333 0.015625 0.020833333333333332
0 0.015625 0.5416666666666666 0.015625 0.020833333333333332
0 0.9859375 0.45 0.015625 0.020833333333333332
0 0.4625 0.4354166666666667 0.015625 0.020833333333333332
0 0.6203125 0.43333333333333335 0.015625 0.020833333333333332
0 0.6 0.37916666666666665 0.015625 0.020833333333333332
0 0.978125 0.375 0.015625 0.020833333333333332
0 0.1 0.3333333333333333 0.015625 0.020833333333333332
0 0.371875 0.2604166666666667 0.015625 0.020833333333333332
0 0.753125 0.23125 0.015625 0.020833333333333332
0 0.4265625 0.225 0.015625 0.020833333333333332
0 0.078125 0.20625 0.015625 0.020833333333333332
0 0.3234375 0.1 0.015625 0.020833333333333332
0 0.4640625 0.0875 0.015625 0.020833333333333332
0 0.6765625 0.07291666666666667 0.015625 0.020833333333333332
0 0.709375 0.05625 0.015625 0.020833333333333332