0 0.6765625 0.9875 0.015625 0.020833333333333332
0 0.603125 0.9875 0.015625 0.020833333333333332
0 0.4296875 0.9770833333333333 0.015625 0.020833333333333332
0 0.984375 0.8770833333333333 0.015625 0.020833333333333332
0 0.909375 0.8645833333333334 0.015625 0.020833333333333332
0 0.6859375 0.8604166666666667 0.015625 0.020833333333333332
0 0.48125 0.8125 0.015625 0.020833333333333332
0 0.43125 0.7770833333333333 0.015625 0.020833333333333332
0 0.228125 0.7604166666666666 0.015625 0.020833333333333332
0 0.90625 0.6854166666666667 0.015625 0.020833333333333332
0 0.690625 0.6625 0.015625 0.020833333333333332
0 0.846875 0.6479166666666667 0.015625 0.020833333333333332
0 0.43125 0.6270833333333333 0.015625 0.020833333333333332
0 0.2984375 0.5645833333333333 0.015625 0.020833333333333332
0 0.0640625 0.55625 0.015625 0.020833333333333332
0 0.5453125 0.50625 0.015625 0.020833333333333332
0 0.146875 0.4875 0.015625 0.020833333333333332
0 0.6484375 0.47708333333333336 0.015625 0.020833333333333332
0 0.1890625 0.45416666666666666 0.015625 0.020833333333333332
0 0.775 0.36041666666666666 0.015625 0.020833333333333332
0 0.1984375 0.33125 0.015625 0.020833333333333332
0 0.26875 0.29583333333333334 0.015625 0.020833333333333332
0 0.0515625 0.29583333333333334 0.015625 0.020833333333333332
0 0.4171875 0.23958333333333334 0.015625 0.020833333333333332
0 0.265625 0.22708333333333333 0.015625 0.020833333333333332
0 0.965625 0.21875 0.015625 0.020833333333333332
0 0.6453125 0.19791666666666666 0.015625 0.020833333333333332
0 0.2421875 0.11041666666666666 0.015625 0.020833333333333332
0 0.7265625 0.09791666666666667 0.015625 0.020833333333333332
0 0.78125 0.0625 0.015625 0.020833333333333332
0 0.8171875 0.016666666666666666 0.015625 0.020833333333333332