0 0.1375 0.9520833333333333 0.015625 0.020833333333333332
0 0.85 0.9083333333333333 0.015625 0.020833333333333332
0 0.334375 0.8791666666666667 0.015625 0.020833333333333332
0 0.921875 0.8166666666666667 0.015625 0.020833333333333332
0 0.7328125 0.7520833333333333 0.015625 0.020833333333333332
0 0.034375 0.6916666666666667 0.015625 0.020833333333333332
0 0.084375 0.6479166666666667 0.015625 0.020833333333333332
0 0.0125 0.59375 0.015625 0.020833333333333332
0 0.8375 0.5854166666666667 0.015625 0.020833333333333332
0 0.3203125 0.5708333333333333 0.015625 0.020833333333333332
0 0.1109375 0.54375 0.015625 0.020833333333333332
0 0.725 0.5395833333333333 0.015625 0.020833333333333332
0 0.778125 0.5375 0.015625 0.020833333333333332
0 0.0921875 0.42916666666666664 0.015625 0.020833333333333332
0 0.1796875 0.40625 0.015625 0.020833333333333332
0 0.5765625 0.38333333333333336 0.015625 0.020833333333333332
0 0.1546875 0.38333333333333336 0.015625 0.020833333333333332
0 0.4265625 0.33958333333333335 0.015625 0.020833333333333332
0 0.921875 0.31666666666666665 0.015625 0.020833333333333332
0 0.803125 0.2916666666666667 0.015625 0.020833333333333332
0 0.5671875 0.25625 0.015625 0.020833333333333332
0 0.9296875 0.13958333333333334 0.015625 0.020833333333333332
0 0.8046875 0.13958333333333334 0.015625 0.020833333333333332
0 0.184375 0.13541666666666666 0.015625 0.020833333333333332
0 0.2484375 0.1125 0.015625 0.020833333333333332
0 0.7390625 0.022916666666666665 0.015625 0.020833333333333332