0 0.4734375 0.9583333333333334 0.015625 0.020833333333333332
0 0.4015625 0.9166666666666666 0.015625 0.020833333333333332
0 0.115625 0.9166666666666666 0.015625 0.020833333333333332
0 0.3015625 0.9145833333333333 0.015625 0.020833333333333332
0 0.1484375 0.80625 0.015625 0.020833333333333332
0 0.75 0.8041666666666667 0.015625 0.020833333333333332
0 0.54375 0.7541666666666667 0.015625 0.020833333333333332
0 0.2875 0.7333333333333333 0.015625 0.020833333333333332
0 0.5296875 0.6375 0.015625 0.020833333333333332
0 0.409375 0.5604166666666667 0.015625 0.020833333333333332
0 0.9875 0.5375 0.015625 0.020833333333333332
0 0.846875 0.525 0.015625 0.020833333333333332
0 0.778125 0.51875 0.015625 0.020833333333333332
0 0.9921875 0.4375 0.015625 0.020833333333333332
0 0.7625 0.4 0.015625 0.020833333333333332
0 0.29375 0.36875 0.015625 0.020833333333333332
0 0.628125 0.36041666666666666 0.015625 0.020833333333333332
0 0.4828125 0.3416666666666667 0.015625 0.020833333333333332
0 0.7890625 0.3125 0.015625 0.020833333333333332
0 0.70625 0.3020833333333333 0.015625 0.020833333333333332
0 0.11875 0.3 0.015625 0.020833333333333332
0 0.5109375 0.29375 0.015625 0.020833333333333332
0 0.5296875 0.20833333333333334 0.015625 0.020833333333333332
0 0.015625 0.20416666666666666 0.015625 0.020833333333333332
0 0.940625 0.20208333333333334 0.015625 0.020833333333333332
0 0.4875 0.11666666666666667 0.015625 0.020833333333333332
0 0.265625 0.07708333333333334 0.015625 0.020833333333333332
0 0.0875 0.04375 0.015625 0.020833333333333332