0 0.2265625 0.9833333333333333 0.015625 0.020833333333333332
0 0.353125 0.9729166666666667 0.015625 0.020833333333333332
0 0.39375 0.9083333333333333 0.015625 0.020833333333333332
0 0.4765625 0.8416666666666667 0.015625 0.020833333333333332
0 0.39375 0.7958333333333333 0.015625 0.020833333333333332
0 0.815625 0.7916666666666666 0.015625 0.020833333333333332
0 0.93125 0.7875 0.015625 0.020833333333333332
0 0.03125 0.725 0.015625 0.020833333333333332
0 0.21875 0.7104166666666667 0.015625 0.020833333333333332
0 0.1796875 0.6770833333333334 0.015625 0.020833333333333332
0 0.046875 0.6604166666666667 0.015625 0.020833333333333332
0 0.571875 0.6479166666666667 0.015625 0.020833333333333332
0 0.959375 0.6208333333333333 0.015625 0.020833333333333332
0 0.203125 0.6145833333333334 0.015625 0.020833333333333332
0 0.534375 0.6041666666666666 0.015625 0.020833333333333332
0 0.3625 0.6 0.015625 0.020833333333333332
0 0.7203125 0.59375 0.015625 0.020833333333333332
0 0.2671875 0.5583333333333333 0.015625 0.020833333333333332
0 0.865625 0.5145833333333333 0.015625 0.020833333333333332
0 0.7203125 0.5 0.015625 0.020833333333333332
0 0.634375 0.49166666666666664 0.015625 0.020833333333333332
0 0.8734375 0.45 0.015625 0.020833333333333332
0 0.203125 0.4166666666666667 0.015625 0.020833333333333332
0 0.3671875 0.4083333333333333 0.015625 0.020833333333333332
0 0.7546875 0.38333333333333336 0.015625 0.020833333333333332
0 0.390625 0.35 0.015625 0.020833333333333332
0 0.678125 0.29583333333333334 0.015625 0.020833333333333332
0 0.9078125 0.20416666666666666 0.015625 0.020833333333333332
0 0.0484375 0.1875 0.015625 0.020833333333333332