0 0.3578125 0.9333333333333333 0.015625 0.020833333333333332
0 0.396875 0.9270833333333334 0.015625 0.020833333333333332
0 0.5921875 0.9041666666666667 0.015625 0.020833333333333332
0 0.834375 0.8916666666666667 0.015625 0.020833333333333332
0 0.0625 0.8791666666666667 0.015625 0.020833333333333332
0 0.2171875 0.8 0.015625 0.020833333333333332
0 0.9359375 0.7833333333333333 0.015625 0.020833333333333332
0 0.31875 0.7666666666666667 0.015625 0.020833333333333332
0 0.6859375 0.7166666666666667 0.015625 0.020833333333333332
0 0.9125 0.7 0.015625 0.020833333333333332
0 0.4125 0.64375 0.015625 0.020833333333333332
0 0.9625 0.6416666666666667 0.015625 0.020833333333333332
0 0.0265625 0.6416666666666667 0.015625 0.020833333333333332
0 0.178125 0.5875 0.015625 0.020833333333333332
0 0.2953125 0.5833333333333334 0.015625 0.020833333333333332
0 0.55625 0.5458333333333333 0.015625 0.020833333333333332
0 0.61875 0.47708333333333336 0.015625 0.020833333333333332
0 0.29375 0.46458333333333335 0.015625 0.020833333333333332
0 0.83125 0.40625 0.015625 0.020833333333333332
0 0.7140625 0.4 0.015625 0.020833333333333332
0 0.3921875 0.35833333333333334 0.015625 0.020833333333333332
0 0.734375 0.32916666666666666 0.015625 0.020833333333333332
0 0.1046875 0.28541666666666665 0.015625 0.020833333333333332
0 0.7296875 0.25 0.015625 0.020833333333333332
0 0.4625 0.22083333333333333 0.015625 0.020833333333333332
0 0.8125 0.08333333333333333 0.015625 0.020833333333333332
0 0.240625 0.08125 0.015625 0.020833333333333332
0 0.4890625 0.01875 0.015625 0.020833333333333332