0 0.2015625 0.9666666666666667 0.015625 0.020833333333333332
0 0.890625 0.9354166666666667 0.015625 0.020833333333333332
0 0.865625 0.91875 0.015625 0.020833333333333332
0 0.08125 0.8895833333333333 0.015625 0.020833333333333332
0 0.8875 0.8541666666666666 0.015625 0.020833333333333332
0 0.2140625 0.8520833333333333 0.015625 0.020833333333333332
0 0.8609375 0.7125 0.015625 0.020833333333333332
0 0.43125 0.6916666666666667 0.015625 0.020833333333333332
0 0.0296875 0.6791666666666667 0.015625 0.020833333333333332
0 0.2859375 0.5479166666666667 0.015625 0.020833333333333332
0 0.45625 0.45625 0.015625 0.020833333333333332
0 0.1140625 0.45625 0.015625 0.020833333333333332
0 0.4984375 0.44166666666666665 0.015625 0.020833333333333332
0 0.9953125 0.40208333333333335 0.015625 0.020833333333333332
0 0.203125 0.3770833333333333 0.015625 0.020833333333333332
0 0.1421875 0.3729166666666667 0.015625 0.020833333333333332
0 0.25 0.33958333333333335 0.015625 0.020833333333333332
0 0.9890625 0.33125 0.015625 0.020833333333333332
0 0.6640625 0.32916666666666666 0.015625 0.020833333333333332
0 0.615625 0.25625 0.015625 0.020833333333333332
0 0.6625 0.2 0.015625 0.020833333333333332
0 0.9421875 0.11666666666666667 0.015625 0.020833333333333332
0 0.0640625 0.08958333333333333 0.015625 0.020833333333333332
0 0.55625 0.052083333333333336 0.015625 0.020833333333333332
0 0.209375 0.052083333333333336 0.015625 0.020833333333333332
0 0.353125 0.041666666666666664 0.015625 0.020833333333333332
0 0.734375 0.03333333333333333 0.015625 0.020833333333333332
0 0.025 0.022916666666666665 0.015625 0.020833333333333332
0 0.6265625 0.01875 0.015625 0.020833333333333332
0 0.271875 0.008333333333333333 0.015625 0.020833333333333332