0 0.9765625 0.9875 0.015625 0.020833333333333332
0 0.0125 0.88125 0.015625 0.020833333333333332
0 0.9515625 0.75625 0.015625 0.020833333333333332
0 0.0515625 0.7541666666666667 0.015625 0.020833333333333332
0 0.0109375 0.6208333333333333 0.015625 0.020833333333333332
0 0.1390625 0.5708333333333333 0.015625 0.020833333333333332
0 0.890625 0.5625 0.015625 0.020833333333333332
0 0.290625 0.5604166666666667 0.015625 0.020833333333333332
0 0.315625 0.49375 0.015625 0.020833333333333332
0 0.1609375 0.4270833333333333 0.015625 0.020833333333333332
0 0.9609375 0.38125 0.015625 0.020833333333333332
0 0.040625 0.2375 0.015625 0.020833333333333332
0 0.5765625 0.18333333333333332 0.015625 0.020833333333333332
0 0.1078125 0.05416666666666667 0.015625 0.020833333333333332
0 0.2375 0.03958333333333333 0.015625 0.020833333333333332