0 0.446875 0.9895833333333334 0.015625 0.020833333333333332
0 0.040625 0.9645833333333333 0.015625 0.020833333333333332
0 0.184375 0.9520833333333333 0.015625 0.020833333333333332
0 0.4625 0.9354166666666667 0.015625 0.020833333333333332
0 0.3203125 0.9270833333333334 0.015625 0.020833333333333332
0 0.5359375 0.9104166666666667 0.015625 0.020833333333333332
0 0.58125 0.8791666666666667 0.015625 0.020833333333333332
0 0.0296875 0.8520833333333333 0.015625 0.020833333333333332
0 0.590625 0.81875 0.015625 0.020833333333333332
0 0.009375 0.8166666666666667 0.015625 0.020833333333333332
0 0.1296875 0.7854166666666667 0.015625 0.020833333333333332
0 0.29375 0.75625 0.015625 0.020833333333333332
0 0.184375 0.7395833333333334 0.015625 0.020833333333333332
0 0.6703125 0.6645833333333333 0.015625 0.020833333333333332
0 0.9921875 0.5583333333333333 0.015625 0.020833333333333332
0 0.58125 0.5583333333333333 0.015625 0.020833333333333332
0 0.290625 0.5479166666666667 0.015625 0.020833333333333332
0 0.7734375 0.53125 0.015625 0.020833333333333332
0 0.0421875 0.5229166666666667 0.015625 0.020833333333333332
0 0.740625 0.47291666666666665 0.015625 0.020833333333333332
0 0.1125 0.4708333333333333 0.015625 0.020833333333333332
0 0.3703125 0.46458333333333335 0.015625 0.020833333333333332
0 0.4421875 0.4395833333333333 0.015625 0.020833333333333332
0 0.9765625 0.39166666666666666 0.015625 0.020833333333333332
0 0.1640625 0.3625 0.015625 0.020833333333333332
0 0.4703125 0.35625 0.015625 0.020833333333333332
0 0.8546875 0.3416666666666667 0.015625 0.020833333333333332
0 0.209375 0.2791666666666667 0.015625 0.020833333333333332
0 0.1484375 0.2604166666666667 0.015625 0.020833333333333332
0 0.7328125 0.225 0.015625 0.020833333333333332
0 0.184375 0.225 0.015625 0.020833333333333332
0 0.0734375 0.13333333333333333 0.015625 0.020833333333333332
0 0.9375 0.12083333333333333 0.015625 0.020833333333333332
0 0.8078125 0.027083333333333334 0.015625 0.020833333333333332
0 0.5234375 0.016666666666666666 0.015625 0.020833333333333332