0 0.2828125 0.8833333333333333 0.015625 0.020833333333333332
0 0.359375 0.88125 0.015625 0.020833333333333332
0 0.7625 0.86875 0.015625 0.020833333333333332
0 0.0296875 0.8291666666666667 0.015625 0.020833333333333332
0 0.3828125 0.7875 0.015625 0.020833333333333332
0 0.59375 0.7833333333333333 0.015625 0.020833333333333332
0 0.7515625 0.7479166666666667 0.015625 0.020833333333333332
0 0.1125 0.7333333333333333 0.015625 0.020833333333333332
0 0.3578125 0.7229166666666667 0.015625 0.020833333333333332
0 0.4375 0.7145833333333333 0.015625 0.020833333333333332
0 0.6875 0.6291666666666667 0.015625 0.020833333333333332
0 0.18125 0.6291666666666667 0.015625 0.020833333333333332
0 0.015625 0.625 0.015625 0.020833333333333332
0 0.425 0.5729166666666666 0.015625 0.020833333333333332
0 0.296875 0.5291666666666667 0.015625 0.020833333333333332
0 0.909375 0.5270833333333333 0.015625 0.020833333333333332
0 0.7890625 0.5229166666666667 0.015625 0.020833333333333332
0 0.6078125 0.48333333333333334 0.015625 0.020833333333333332
0 0.83125 0.475 0.015625 0.020833333333333332
0 0.3890625 0.4666666666666667 0.015625 0.020833333333333332
0 0.9015625 0.44583333333333336 0.015625 0.020833333333333332
0 0.084375 0.23125 0.015625 0.020833333333333332
0 0.2609375 0.09791666666666667 0.015625 0.020833333333333332
0 0.7875 0.01875 0.015625 0.020833333333333332
0 0.671875 0.01875 0.015625 0.020833333333333332