0 0.9171875 0.9791666666666666 0.015625 0.020833333333333332
0 0.3921875 0.9458333333333333 0.015625 0.020833333333333332
0 0.665625 0.8854166666666666 0.015625 0.020833333333333332
0 0.721875 0.86875 0.015625 0.020833333333333332
0 0.2203125 0.8520833333333333 0.015625 0.020833333333333332
0 0.521875 0.76875 0.015625 0.020833333333333332
0 0.2453125 0.7666666666666667 0.015625 0.020833333333333332
0 0.140625 0.7645833333333333 0.015625 0.020833333333333332
0 0.80625 0.7083333333333334 0.015625 0.020833333333333332
0 0.446875 0.5895833333333333 0.015625 0.020833333333333332
0 0.3078125 0.5895833333333333 0.015625 0.020833333333333332
0 0.28125 0.5875 0.015625 0.020833333333333332
0 0.5109375 0.55625 0.015625 0.020833333333333332
0 0.1609375 0.5125 0.015625 0.020833333333333332
0 0.615625 0.4875 0.015625 0.020833333333333332
0 0.7421875 0.48125 0.015625 0.020833333333333332
0 0.6 0.41041666666666665 0.015625 0.020833333333333332
0 0.121875 0.38333333333333336 0.015625 0.020833333333333332
0 0.125 0.3458333333333333 0.015625 0.020833333333333332
0 0.478125 0.28958333333333336 0.015625 0.020833333333333332
0 0.9765625 0.2625 0.015625 0.020833333333333332
0 0.75625 0.25416666666666665 0.015625 0.020833333333333332
0 0.9890625 0.2125 0.015625 0.020833333333333332
0 0.2890625 0.19375 0.015625 0.020833333333333332
0 0.578125 0.14583333333333334 0.015625 0.020833333333333332
0 0.4546875 0.13333333333333333 0.015625 0.020833333333333332
0 0.3265625 0.04375 0.015625 0.020833333333333332