0 0.7734375 0.9895833333333334 0.015625 0.020833333333333332
0 0.903125 0.9854166666666667 0.015625 0.020833333333333332
0 0.3515625 0.9479166666666666 0.015625 0.020833333333333332
0 0.015625 0.8979166666666667 0.015625 0.020833333333333332
0 0.7140625 0.85 0.015625 0.020833333333333332
0 0.6 0.84375 0.015625 0.020833333333333332
0 0.3953125 0.7791666666666667 0.015625 0.020833333333333332
0 0.853125 0.775 0.015625 0.020833333333333332
0 0.3640625 0.7229166666666667 0.015625 0.020833333333333332
0 0.709375 0.6916666666666667 0.015625 0.020833333333333332
0 0.5484375 0.66875 0.015625 0.020833333333333332
0 0.809375 0.6583333333333333 0.015625 0.020833333333333332
0 0.0796875 0.65 0.015625 0.020833333333333332
0 0.765625 0.625 0.015625 0.020833333333333332
0 0.9890625 0.59375 0.015625 0.020833333333333332
0 0.503125 0.5104166666666666 0.015625 0.020833333333333332
0 0.9453125 0.49375 0.015625 0.020833333333333332
0 0.7046875 0.46041666666666664 0.015625 0.020833333333333332
0 0.0890625 0.3854166666666667 0.015625 0.020833333333333332
0 0.5578125 0.36875 0.015625 0.020833333333333332
0 0.7375 0.30833333333333335 0.015625 0.020833333333333332
0 0.1171875 0.23541666666666666 0.015625 0.020833333333333332
0 0.478125 0.225 0.015625 0.020833333333333332
0 0.396875 0.20416666666666666 0.015625 0.020833333333333332
0 0.4765625 0.10208333333333333 0.015625 0.020833333333333332
0 0.915625 0.08541666666666667 0.015625 0.020833333333333332
0 0.68125 0.04791666666666667 0.015625 0.020833333333333332
0 0.640625 0.041666666666666664 0.015625 0.020833333333333332