0 0.3390625 0.95625 0.015625 0.020833333333333332
0 0.05625 0.9229166666666667 0.015625 0.020833333333333332
0 0.521875 0.9083333333333333 0.015625 0.020833333333333332
0 0.2125 0.8916666666666667 0.015625 0.020833333333333332
0 0.7703125 0.8083333333333333 0.015625 0.020833333333333332
0 0.0109375 0.8020833333333334 0.015625 0.020833333333333332
0 0.540625 0.7708333333333334 0.015625 0.020833333333333332
0 0.125 0.7354166666666667 0.015625 0.020833333333333332
0 0.471875 0.7208333333333333 0.015625 0.020833333333333332
0 0.6484375 0.71875 0.015625 0.020833333333333332
0 0.990625 0.7020833333333333 0.015625 0.020833333333333332
0 0.0734375 0.6083333333333333 0.015625 0.020833333333333332
0 0.840625 0.5833333333333334 0.015625 0.020833333333333332
0 0.58125 0.5791666666666667 0.015625 0.020833333333333332
0 0.38125 0.5479166666666667 0.015625 0.020833333333333332
0 0.259375 0.5458333333333333 0.015625 0.020833333333333332
0 0.0203125 0.5104166666666666 0.015625 0.020833333333333332
0 0.225 0.5020833333333333 0.015625 0.020833333333333332
0 0.521875 0.37916666666666665 0.015625 0.020833333333333332
0 0.2359375 0.34791666666666665 0.015625 0.020833333333333332
0 0.3 0.33125 0.015625 0.020833333333333332
0 0.50625 0.28958333333333336 0.015625 0.020833333333333332
0 0.7546875 0.27708333333333335 0.015625 0.020833333333333332
0 0.3625 0.23125 0.015625 0.020833333333333332
0 0.0078125 0.18333333333333332 0.015625 0.020833333333333332
0 0.4375 0.18125 0.015625 0.020833333333333332
0 0.1171875 0.15 0.015625 0.020833333333333332
0 0.1484375 0.10833333333333334 0.015625 0.020833333333333332
0 0.0078125 0.09791666666666667 0.015625 0.020833333333333332
0 0.79375 0.07291666666666667 0.015625 0.020833333333333332
0 0.109375 0.0625 0.015625 0.020833333333333332
0 0.6546875 0.05416666666666667 0.015625 0.020833333333333332