0 0.140625 0.975 0.015625 0.020833333333333332
0 0.2625 0.9416666666666667 0.015625 0.020833333333333332
0 0.8109375 0.9375 0.015625 0.020833333333333332
0 0.3265625 0.9125 0.015625 0.020833333333333332
0 0.0484375 0.7354166666666667 0.015625 0.020833333333333332
0 0.8265625 0.6791666666666667 0.015625 0.020833333333333332
0 0.759375 0.625 0.015625 0.020833333333333332
0 0.5796875 0.6104166666666667 0.015625 0.020833333333333332
0 0.140625 0.6 0.015625 0.020833333333333332
0 0.340625 0.5895833333333333 0.015625 0.020833333333333332
0 0.028125 0.5645833333333333 0.015625 0.020833333333333332
0 0.1421875 0.48125 0.015625 0.020833333333333332
0 0.4984375 0.4666666666666667 0.015625 0.020833333333333332
0 0.1765625 0.45625 0.015625 0.020833333333333332
0 0.596875 0.44583333333333336 0.015625 0.020833333333333332
0 0.0640625 0.42083333333333334 0.015625 0.020833333333333332
0 0.1625 0.41875 0.015625 0.020833333333333332
0 0.715625 0.38333333333333336 0.015625 0.020833333333333332
0 0.9546875 0.3416666666666667 0.015625 0.020833333333333332
0 0.490625 0.3333333333333333 0.015625 0.020833333333333332
0 0.7671875 0.325 0.015625 0.020833333333333332
0 0.5234375 0.28125 0.015625 0.020833333333333332
0 0.828125 0.19583333333333333 0.015625 0.020833333333333332
0 0.25 0.11458333333333333 0.015625 0.020833333333333332
0 0.7828125 0.10625 0.015625 0.020833333333333332
0 0.2234375 0.05 0.015625 0.020833333333333332
0 0.3109375 0.03125 0.015625 0.020833333333333332
0 0.7390625 0.014583333333333334 0.015625 0.020833333333333332