0 0.03125 0.9895833333333334 0.015625 0.020833333333333332
0 0.334375 0.9791666666666666 0.015625 0.020833333333333332
0 0.59375 0.9270833333333334 0.015625 0.020833333333333332
0 0.2296875 0.8958333333333334 0.015625 0.020833333333333332
0 0.00625 0.85625 0.015625 0.020833333333333332
0 0.215625 0.8270833333333333 0.015625 0.020833333333333332
0 0.46875 0.8208333333333333 0.015625 0.020833333333333332
0 0.1578125 0.8208333333333333 0.015625 0.020833333333333332
0 0.0859375 0.7541666666666667 0.015625 0.020833333333333332
0 0.025 0.7375 0.015625 0.020833333333333332
0 0.0625 0.7229166666666667 0.015625 0.020833333333333332
0 0.36875 0.6729166666666667 0.015625 0.020833333333333332
0 0.046875 0.6666666666666666 0.015625 0.020833333333333332
0 0.6625 0.65625 0.015625 0.020833333333333332
0 0.39375 0.58125 0.015625 0.020833333333333332
0 0.3078125 0.5145833333333333 0.015625 0.020833333333333332
0 0.4 0.4791666666666667 0.015625 0.020833333333333332
0 0.5953125 0.45625 0.015625 0.020833333333333332
0 0.6296875 0.4375 0.015625 0.020833333333333332
0 0.24375 0.36666666666666664 0.015625 0.020833333333333332
0 0.1921875 0.30625 0.015625 0.020833333333333332
0 0.3921875 0.30416666666666664 0.015625 0.020833333333333332
0 0.5578125 0.28125 0.015625 0.020833333333333332
0 0.3078125 0.24375 0.015625 0.020833333333333332
0 0.275 0.15208333333333332 0.015625 0.020833333333333332
0 0.0484375 0.14583333333333334 0.015625 0.020833333333333332
0 0.65625 0.13958333333333334 0.015625 0.020833333333333332
0 0.628125 0.05625 0.015625 0.020833333333333332