0 0.2421875 0.9604166666666667 0.015625 0.020833333333333332
0 0.015625 0.7645833333333333 0.015625 0.020833333333333332
0 0.965625 0.7395833333333334 0.015625 0.020833333333333332
0 0.171875 0.7104166666666667 0.015625 0.020833333333333332
0 0.0578125 0.6770833333333334 0.015625 0.020833333333333332
0 0.290625 0.6645833333333333 0.015625 0.020833333333333332
0 0.140625 0.65 0.015625 0.020833333333333332
0 0.7125 0.6416666666666667 0.015625 0.020833333333333332
0 0.35 0.61875 0.015625 0.020833333333333332
0 0.6109375 0.60625 0.015625 0.020833333333333332
0 0.628125 0.6041666666666666 0.015625 0.020833333333333332
0 0.1078125 0.5979166666666667 0.015625 0.020833333333333332
0 0.65625 0.5645833333333333 0.015625 0.020833333333333332
0 0.128125 0.5416666666666666 0.015625 0.020833333333333332
0 0.05 0.49583333333333335 0.015625 0.020833333333333332
0 0.365625 0.36041666666666666 0.015625 0.020833333333333332
0 0.2015625 0.3541666666666667 0.015625 0.020833333333333332
0 0.2828125 0.3375 0.015625 0.020833333333333332
0 0.5328125 0.26875 0.015625 0.020833333333333332
0 0.95625 0.23541666666666666 0.015625 0.020833333333333332
0 0.009375 0.225 0.015625 0.020833333333333332
0 0.3265625 0.22083333333333333 0.015625 0.020833333333333332
0 0.125 0.10416666666666667 0.015625 0.020833333333333332
0 0.38125 0.05416666666666667 0.015625 0.020833333333333332
0 0.559375 0.03333333333333333 0.015625 0.020833333333333332