0 0.93125 0.9770833333333333 0.015625 0.020833333333333332
0 0.15625 0.96875 0.015625 0.020833333333333332
0 0.60625 0.9104166666666667 0.015625 0.020833333333333332
0 0.3265625 0.9041666666666667 0.015625 0.020833333333333332
0 0.9265625 0.9 0.015625 0.020833333333333332
0 0.075 0.8916666666666667 0.015625 0.020833333333333332
0 0.7890625 0.8666666666666667 0.015625 0.020833333333333332
0 0.60625 0.84375 0.015625 0.020833333333333332
0 0.3265625 0.8208333333333333 0.015625 0.020833333333333332
0 0.321875 0.75 0.015625 0.020833333333333332
0 0.978125 0.7270833333333333 0.015625 0.020833333333333332
0 0.678125 0.7041666666666667 0.015625 0.020833333333333332
0 0.490625 0.6854166666666667 0.015625 0.020833333333333332
0 0.5515625 0.6229166666666667 0.015625 0.020833333333333332
0 0.015625 0.5916666666666667 0.015625 0.020833333333333332
0 0.9328125 0.5791666666666667 0.015625 0.020833333333333332
0 0.728125 0.5479166666666667 0.015625 0.020833333333333332
0 0.7703125 0.4979166666666667 0.015625 0.020833333333333332
0 0.1015625 0.43125 0.015625 0.020833333333333332
0 0.715625 0.36875 0.015625 0.020833333333333332
0 0.5546875 0.3625 0.015625 0.020833333333333332
0 0.1203125 0.3020833333333333 0.015625 0.020833333333333332
0 0.5609375 0.21458333333333332 0.015625 0.020833333333333332
0 0.4375 0.21041666666666667 0.015625 0.020833333333333332
0 0.8734375 0.1625 0.015625 0.020833333333333332
0 0.984375 0.16041666666666668 0.015625 0.020833333333333332
0 0.35625 0.15833333333333333 0.015625 0.020833333333333332
0 0.525 0.07291666666666667 0.015625 0.020833333333333332
0 0.790625 0.0375 0.015625 0.020833333333333332
0 0.2953125 0.029166666666666667 0.015625 0.020833333333333332
0 0.5625 0.020833333333333332 0.015625 0.020833333333333332
0 0.6765625 0.014583333333333334 0.015625 0.020833333333333332