0 0.7890625 0.98125 0.015625 0.020833333333333332
0 0.80625 0.8583333333333333 0.015625 0.020833333333333332
0 0.14375 0.8541666666666666 0.015625 0.020833333333333332
0 0.1765625 0.8229166666666666 0.015625 0.020833333333333332
0 0.5859375 0.79375 0.015625 0.020833333333333332
0 0.65625 0.7291666666666666 0.015625 0.020833333333333332
0 0.1953125 0.7208333333333333 0.015625 0.020833333333333332
0 0.578125 0.7145833333333333 0.015625 0.020833333333333332
0 0.93125 0.6958333333333333 0.015625 0.020833333333333332
0 0.6765625 0.6520833333333333 0.015625 0.020833333333333332
0 0.471875 0.6395833333333333 0.015625 0.020833333333333332
0 0.7390625 0.63125 0.015625 0.020833333333333332
0 0.959375 0.5916666666666667 0.015625 0.020833333333333332
0 0.7453125 0.58125 0.015625 0.020833333333333332
0 0.5109375 0.425 0.015625 0.020833333333333332
0 0.6734375 0.40625 0.015625 0.020833333333333332
0 0.428125 0.3875 0.015625 0.020833333333333332
0 0.25 0.29791666666666666 0.015625 0.020833333333333332
0 0.215625 0.2875 0.015625 0.020833333333333332
0 0.146875 0.2520833333333333 0.015625 0.020833333333333332
0 0.4484375 0.22083333333333333 0.015625 0.020833333333333332
0 0.0109375 0.20208333333333334 0.015625 0.020833333333333332
0 0.7765625 0.175 0.015625 0.020833333333333332
0 0.65625 0.14375 0.015625 0.020833333333333332
0 0.6921875 0.09166666666666666 0.015625 0.020833333333333332
0 0.2265625 0.075 0.015625 0.020833333333333332
0 0.784375 0.058333333333333334 0.015625 0.020833333333333332
0 0.475 0.03333333333333333 0.015625 0.020833333333333332