0 0.0875 0.85 0.015625 0.020833333333333332
0 0.0265625 0.8458333333333333 0.015625 0.020833333333333332
0 0.1640625 0.8083333333333333 0.015625 0.020833333333333332
0 0.91875 0.7229166666666667 0.015625 0.020833333333333332
0 0.1625 0.5729166666666666 0.015625 0.020833333333333332
0 0.228125 0.45416666666666666 0.015625 0.020833333333333332
0 0.9171875 0.3145833333333333 0.015625 0.020833333333333332
0 0.06875 0.3020833333333333 0.015625 0.020833333333333332
0 0.534375 0.12708333333333333 0.015625 0.020833333333333332
0 0.0890625 0.06458333333333334 0.015625 0.020833333333333332
0 0.4453125 0.025 0.015625 0.020833333333333332
0 0.1875 0.01875 0.015625 0.020833333333333332
0 0.759375 0.010416666666666666 0.015625 0.020833333333333332