0 0.7328125 0.9375 0.015625 0.020833333333333332
0 0.3296875 0.9229166666666667 0.015625 0.020833333333333332
0 0.9640625 0.8125 0.015625 0.020833333333333332
0 0.3171875 0.75625 0.015625 0.020833333333333332
0 0.0375 0.7416666666666667 0.015625 0.020833333333333332
0 0.9828125 0.7166666666666667 0.015625 0.020833333333333332
0 0.6171875 0.6666666666666666 0.015625 0.020833333333333332
0 0.875 0.65 0.015625 0.020833333333333332
0 0.2171875 0.64375 0.015625 0.020833333333333332
0 0.5578125 0.63125 0.015625 0.020833333333333332
0 0.1046875 0.6291666666666667 0.015625 0.020833333333333332
0 0.059375 0.6083333333333333 0.015625 0.020833333333333332
0 0.9578125 0.6 0.015625 0.020833333333333332
0 0.3703125 0.5979166666666667 0.015625 0.020833333333333332
0 0.725 0.5479166666666667 0.015625 0.020833333333333332
0 0.171875 0.54375 0.015625 0.020833333333333332
0 0.5421875 0.3729166666666667 0.015625 0.020833333333333332
0 0.2609375 0.36875 0.015625 0.020833333333333332
0 0.40625 0.36666666666666664 0.015625 0.020833333333333332
0 0.2875 0.3104166666666667 0.015625 0.020833333333333332
0 0.3171875 0.275 0.015625 0.020833333333333332
0 0.9859375 0.26666666666666666 0.015625 0.020833333333333332
0 0.04375 0.19791666666666666 0.015625 0.020833333333333332
0 0.0125 0.14583333333333334 0.015625 0.020833333333333332
0 0.075 0.14166666666666666 0.015625 0.020833333333333332
0 0.3953125 0.075 0.015625 0.020833333333333332
0 0.2640625 0.07291666666666667 0.015625 0.020833333333333332
0 0.5953125 0.04583333333333333 0.015625 0.020833333333333332
0 0.2890625 0.014583333333333334 0.015625 0.020833333333333332