0 0.340625 0.9729166666666667 0.015625 0.020833333333333332
0 0.634375 0.96875 0.015625 0.020833333333333332
0 0.4609375 0.925 0.015625 0.020833333333333332
0 0.6484375 0.9229166666666667 0.015625 0.020833333333333332
0 0.3625 0.9041666666666667 0.015625 0.020833333333333332
0 0.8578125 0.8833333333333333 0.015625 0.020833333333333332
0 0.5078125 0.8583333333333333 0.015625 0.020833333333333332
0 0.9453125 0.8520833333333333 0.015625 0.020833333333333332
0 0.396875 0.8375 0.015625 0.020833333333333332
0 0.61875 0.825 0.015625 0.020833333333333332
0 0.915625 0.7958333333333333 0.015625 0.020833333333333332
0 0.15625 0.7833333333333333 0.015625 0.020833333333333332
0 0.1015625 0.7416666666666667 0.015625 0.020833333333333332
0 0.6484375 0.7291666666666666 0.015625 0.020833333333333332
0 0.846875 0.7270833333333333 0.015625 0.020833333333333332
0 0.4171875 0.6895833333333333 0.015625 0.020833333333333332
0 0.4140625 0.6 0.015625 0.020833333333333332
0 0.2546875 0.5791666666666667 0.015625 0.020833333333333332
0 0.1953125 0.5375 0.015625 0.020833333333333332
0 0.0375 0.53125 0.015625 0.020833333333333332
0 0.115625 0.5291666666666667 0.015625 0.020833333333333332
0 0.9875 0.5229166666666667 0.015625 0.020833333333333332
0 0.575 0.4270833333333333 0.015625 0.020833333333333332
0 0.090625 0.38333333333333336 0.015625 0.020833333333333332
0 0.7359375 0.35208333333333336 0.015625 0.020833333333333332
0 0.1359375 0.3458333333333333 0.015625 0.020833333333333332
0 0.2921875 0.3 0.015625 0.020833333333333332
0 0.7921875 0.2604166666666667 0.015625 0.020833333333333332
0 0.0375 0.25625 0.015625 0.020833333333333332
0 0.590625 0.22916666666666666 0.015625 0.020833333333333332
0 0.3765625 0.19791666666666666 0.015625 0.020833333333333332
0 0.2359375 0.19583333333333333 0.015625 0.020833333333333332
0 0.625 0.175 0.015625 0.020833333333333332
0 0.4484375 0.1125 0.015625 0.020833333333333332
0 0.7609375 0.10625 0.015625 0.020833333333333332
0 0.2125 0.08125 0.015625 0.020833333333333332