0 0.2359375 0.9895833333333334 0.015625 0.020833333333333332
0 0.51875 0.9875 0.015625 0.020833333333333332
0 0.475 0.9854166666666667 0.015625 0.020833333333333332
0 0.4015625 0.95625 0.015625 0.020833333333333332
0 0.0265625 0.88125 0.015625 0.020833333333333332
0 0.978125 0.8458333333333333 0.015625 0.020833333333333332
0 0.796875 0.8104166666666667 0.015625 0.020833333333333332
0 0.51875 0.7333333333333333 0.015625 0.020833333333333332
0 0.36875 0.6645833333333333 0.015625 0.020833333333333332
0 0.3046875 0.625 0.015625 0.020833333333333332
0 0.371875 0.6020833333333333 0.015625 0.020833333333333332
0 0.296875 0.5875 0.015625 0.020833333333333332
0 0.5484375 0.5479166666666667 0.015625 0.020833333333333332
0 0.95625 0.5083333333333333 0.015625 0.020833333333333332
0 0.6140625 0.4625 0.015625 0.020833333333333332
0 0.1921875 0.38125 0.015625 0.020833333333333332
0 0.8 0.34375 0.015625 0.020833333333333332
0 0.909375 0.30416666666666664 0.015625 0.020833333333333332
0 0.196875 0.20833333333333334 0.015625 0.020833333333333332
0 0.565625 0.19166666666666668 0.015625 0.020833333333333332
0 0.2453125 0.17708333333333334 0.015625 0.020833333333333332
0 0.7515625 0.15416666666666667 0.015625 0.020833333333333332
0 0.08125 0.15416666666666667 0.015625 0.020833333333333332
0 0.40625 0.12291666666666666 0.015625 0.020833333333333332
0 0.9078125 0.1125 0.015625 0.020833333333333332
0 0.19375 0.06875 0.015625 0.020833333333333332
0 0.165625 0.010416666666666666 0.015625 0.020833333333333332