0 0.375 0.9791666666666666 0.015625 0.020833333333333332
0 0.31875 0.9604166666666667 0.015625 0.020833333333333332
0 0.9234375 0.8958333333333334 0.015625 0.020833333333333332
0 0.65625 0.86875 0.015625 0.020833333333333332
0 0.0140625 0.8666666666666667 0.015625 0.020833333333333332
0 0.059375 0.8645833333333334 0.015625 0.020833333333333332
0 0.8515625 0.8229166666666666 0.015625 0.020833333333333332
0 0.3484375 0.7916666666666666 0.015625 0.020833333333333332
0 0.165625 0.7770833333333333 0.015625 0.020833333333333332
0 0.946875 0.7666666666666667 0.015625 0.020833333333333332
0 0.4921875 0.6958333333333333 0.015625 0.020833333333333332
0 0.85625 0.6875 0.015625 0.020833333333333332
0 0.009375 0.6854166666666667 0.015625 0.020833333333333332
0 0.5828125 0.675 0.015625 0.020833333333333332
0 0.8546875 0.5958333333333333 0.015625 0.020833333333333332
0 0.290625 0.5541666666666667 0.015625 0.020833333333333332
0 0.5046875 0.5041666666666667 0.015625 0.020833333333333332
0 0.34375 0.49375 0.015625 0.020833333333333332
0 0.1890625 0.48541666666666666 0.015625 0.020833333333333332
0 0.9125 0.475 0.015625 0.020833333333333332
0 0.6640625 0.4708333333333333 0.015625 0.020833333333333332
0 0.3734375 0.45208333333333334 0.015625 0.020833333333333332
0 0.9578125 0.4395833333333333 0.015625 0.020833333333333332
0 0.715625 0.43333333333333335 0.015625 0.020833333333333332
0 0.215625 0.32083333333333336 0.015625 0.020833333333333332
0 0.290625 0.2916666666666667 0.015625 0.020833333333333332
0 0.634375 0.2625 0.015625 0.020833333333333332
0 0.5546875 0.24791666666666667 0.015625 0.020833333333333332
0 0.4765625 0.22916666666666666 0.015625 0.020833333333333332
0 0.071875 0.2125 0.015625 0.020833333333333332
0 0.7234375 0.17291666666666666 0.015625 0.020833333333333332
0 0.1546875 0.10208333333333333 0.015625 0.020833333333333332
0 0.1984375 0.05416666666666667 0.015625 0.020833333333333332
0 0.775 0.03125 0.015625 0.020833333333333332
0 0.2640625 0.016666666666666666 0.015625 0.020833333333333332
0 0.4421875 0.010416666666666666 0.015625 0.020833333333333332