0 0.4765625 0.9520833333333333 0.015625 0.020833333333333332
0 0.0234375 0.93125 0.015625 0.020833333333333332
0 0.6359375 0.9 0.015625 0.020833333333333332
0 0.459375 0.8416666666666667 0.015625 0.020833333333333332
0 0.184375 0.8291666666666667 0.015625 0.020833333333333332
0 0.15 0.81875 0.015625 0.020833333333333332
0 0.275 0.8104166666666667 0.015625 0.020833333333333332
0 0.4390625 0.7395833333333334 0.015625 0.020833333333333332
0 0.209375 0.6666666666666666 0.015625 0.020833333333333332
0 0.021875 0.6395833333333333 0.015625 0.020833333333333332
0 0.5625 0.5729166666666666 0.015625 0.020833333333333332
0 0.3046875 0.49375 0.015625 0.020833333333333332
0 0.559375 0.49166666666666664 0.015625 0.020833333333333332
0 0.3234375 0.38958333333333334 0.015625 0.020833333333333332
0 0.9359375 0.3770833333333333 0.015625 0.020833333333333332
0 0.178125 0.35208333333333336 0.015625 0.020833333333333332
0 0.9328125 0.28958333333333336 0.015625 0.020833333333333332
0 0.6 0.26666666666666666 0.015625 0.020833333333333332
0 0.8484375 0.26458333333333334 0.015625 0.020833333333333332
0 0.0484375 0.2375 0.015625 0.020833333333333332
0 0.715625 0.15416666666666667 0.015625 0.020833333333333332
0 0.4984375 0.09583333333333334 0.015625 0.020833333333333332
0 0.0765625 0.0625 0.015625 0.020833333333333332
0 0.88125 0.05 0.015625 0.020833333333333332
0 0.6171875 0.04583333333333333 0.015625 0.020833333333333332