0 0.590625 0.9833333333333333 0.015625 0.020833333333333332
0 0.20625 0.9416666666666667 0.015625 0.020833333333333332
0 0.5078125 0.9145833333333333 0.015625 0.020833333333333332
0 0.6234375 0.8854166666666666 0.015625 0.020833333333333332
0 0.090625 0.8458333333333333 0.015625 0.020833333333333332
0 0.234375 0.83125 0.015625 0.020833333333333332
0 0.9859375 0.8270833333333333 0.015625 0.020833333333333332
0 0.621875 0.7770833333333333 0.015625 0.020833333333333332
0 0.203125 0.7666666666666667 0.015625 0.020833333333333332
0 0.415625 0.7458333333333333 0.015625 0.020833333333333332
0 0.878125 0.725 0.015625 0.020833333333333332
0 0.934375 0.60625 0.015625 0.020833333333333332
0 0.9171875 0.53125 0.015625 0.020833333333333332
0 0.25625 0.5 0.015625 0.020833333333333332
0 0.1359375 0.48125 0.015625 0.020833333333333332
0 0.6515625 0.47708333333333336 0.015625 0.020833333333333332
0 0.646875 0.42083333333333334 0.015625 0.020833333333333332
0 0.6375 0.3375 0.015625 0.020833333333333332
0 0.846875 0.2875 0.015625 0.020833333333333332
0 0.0359375 0.2833333333333333 0.015625 0.020833333333333332
0 0.8796875 0.24791666666666667 0.015625 0.020833333333333332
0 0.6703125 0.22916666666666666 0.015625 0.020833333333333332
0 0.26875 0.15833333333333333 0.015625 0.020833333333333332
0 0.2078125 0.15 0.015625 0.020833333333333332
0 0.596875 0.12916666666666668 0.015625 0.020833333333333332
0 0.346875 0.12083333333333333 0.015625 0.020833333333333332
0 0.4625 0.07291666666666667 0.015625 0.020833333333333332