0 0.059375 0.9791666666666666 0.015625 0.020833333333333332
0 0.0375 0.9416666666666667 0.015625 0.020833333333333332
0 0.3796875 0.89375 0.015625 0.020833333333333332
0 0.0109375 0.8916666666666667 0.015625 0.020833333333333332
0 0.6265625 0.8208333333333333 0.015625 0.020833333333333332
0 0.56875 0.8041666666666667 0.015625 0.020833333333333332
0 0.7640625 0.7083333333333334 0.015625 0.020833333333333332
0 0.9125 0.6791666666666667 0.015625 0.020833333333333332
0 0.065625 0.6645833333333333 0.015625 0.020833333333333332
0 0.7890625 0.6520833333333333 0.015625 0.020833333333333332
0 0.315625 0.5958333333333333 0.015625 0.020833333333333332
0 0.8078125 0.5916666666666667 0.015625 0.020833333333333332
0 0.4171875 0.5604166666666667 0.015625 0.020833333333333332
0 0.8671875 0.5583333333333333 0.015625 0.020833333333333332
0 0.1515625 0.5479166666666667 0.015625 0.020833333333333332
0 0.2546875 0.5229166666666667 0.015625 0.020833333333333332
0 0.290625 0.49166666666666664 0.015625 0.020833333333333332
0 0.1546875 0.48125 0.015625 0.020833333333333332
0 0.2078125 0.4625 0.015625 0.020833333333333332
0 0.8328125 0.44375 0.015625 0.020833333333333332
0 0.5203125 0.41875 0.015625 0.020833333333333332
0 0.8015625 0.38958333333333334 0.015625 0.020833333333333332
0 0.2046875 0.3854166666666667 0.015625 0.020833333333333332
0 0.2078125 0.33958333333333335 0.015625 0.020833333333333332
0 0.43125 0.3104166666666667 0.015625 0.020833333333333332
0 0.384375 0.24375 0.015625 0.020833333333333332
0 0.1171875 0.18333333333333332 0.015625 0.020833333333333332
0 0.6859375 0.17083333333333334 0.015625 0.020833333333333332
0 0.9171875 0.08125 0.015625 0.020833333333333332