0 0.2875 0.9354166666666667 0.015625 0.020833333333333332
0 0.14375 0.91875 0.015625 0.020833333333333332
0 0.3125 0.9166666666666666 0.015625 0.020833333333333332
0 0.8015625 0.8979166666666667 0.015625 0.020833333333333332
0 0.8515625 0.8229166666666666 0.015625 0.020833333333333332
0 0.9640625 0.7520833333333333 0.015625 0.020833333333333332
0 0.1578125 0.75 0.015625 0.020833333333333332
0 0.2609375 0.7375 0.015625 0.020833333333333332
0 0.6671875 0.7125 0.015625 0.020833333333333332
0 0.146875 0.6416666666666667 0.015625 0.020833333333333332
0 0.0453125 0.6270833333333333 0.015625 0.020833333333333332
0 0.81875 0.6229166666666667 0.015625 0.020833333333333332
0 0.028125 0.5333333333333333 0.015625 0.020833333333333332
0 0.3671875 0.53125 0.015625 0.020833333333333332
0 0.0875 0.41458333333333336 0.015625 0.020833333333333332
0 0.8296875 0.3541666666666667 0.015625 0.020833333333333332
0 0.4421875 0.3541666666666667 0.015625 0.020833333333333332
0 0.2578125 0.35208333333333336 0.015625 0.020833333333333332
0 0.009375 0.35 0.015625 0.020833333333333332
0 0.55625 0.31666666666666665 0.015625 0.020833333333333332
0 0.8796875 0.21666666666666667 0.015625 0.020833333333333332
0 0.4109375 0.19166666666666668 0.015625 0.020833333333333332
0 0.865625 0.14166666666666666 0.015625 0.020833333333333332
0 0.3328125 0.11666666666666667 0.015625 0.020833333333333332
0 0.8328125 0.06875 0.015625 0.020833333333333332
0 0.5640625 0.06875 0.015625 0.020833333333333332