0 0.075 0.9520833333333333 0.015625 0.020833333333333332
0 0.440625 0.75625 0.015625 0.020833333333333332
0 0.3171875 0.73125 0.015625 0.020833333333333332
0 0.6296875 0.7020833333333333 0.015625 0.020833333333333332
0 0.2703125 0.6625 0.015625 0.020833333333333332
0 0.21875 0.6104166666666667 0.015625 0.020833333333333332
0 0.4609375 0.5458333333333333 0.015625 0.020833333333333332
0 0.5234375 0.5041666666666667 0.015625 0.020833333333333332
0 0.034375 0.4 0.015625 0.020833333333333332
0 0.115625 0.39166666666666666 0.015625 0.020833333333333332
0 0.7125 0.2833333333333333 0.015625 0.020833333333333332
0 0.059375 0.25 0.015625 0.020833333333333332
0 0.515625 0.09583333333333334 0.015625 0.020833333333333332
0 0.3453125 0.08958333333333333 0.015625 0.020833333333333332
0 0.7625 0.0875 0.015625 0.020833333333333332
0 0.15 0.08125 0.015625 0.020833333333333332