0 0.803125 0.975 0.015625 0.020833333333333332
0 0.8375 0.9666666666666667 0.015625 0.020833333333333332
0 0.525 0.9583333333333334 0.015625 0.020833333333333332
0 0.5890625 0.9479166666666666 0.015625 0.020833333333333332
0 0.878125 0.91875 0.015625 0.020833333333333332
0 0.9375 0.8979166666666667 0.015625 0.020833333333333332
0 0.7953125 0.8979166666666667 0.015625 0.020833333333333332
0 0.35625 0.8791666666666667 0.015625 0.020833333333333332
0 0.4546875 0.85625 0.015625 0.020833333333333332
0 0.9078125 0.85 0.015625 0.020833333333333332
0 0.2859375 0.8270833333333333 0.015625 0.020833333333333332
0 0.3765625 0.8083333333333333 0.015625 0.020833333333333332
0 0.546875 0.7958333333333333 0.015625 0.020833333333333332
0 0.8484375 0.7895833333333333 0.015625 0.020833333333333332
0 0.6 0.775 0.015625 0.020833333333333332
0 0.0890625 0.76875 0.015625 0.020833333333333332
0 0.3828125 0.7583333333333333 0.015625 0.020833333333333332
0 0.3 0.6479166666666667 0.015625 0.020833333333333332
0 0.178125 0.6083333333333333 0.015625 0.020833333333333332
0 0.21875 0.5916666666666667 0.015625 0.020833333333333332
0 0.40625 0.58125 0.015625 0.020833333333333332
0 0.76875 0.5770833333333333 0.015625 0.020833333333333332
0 0.63125 0.5770833333333333 0.015625 0.020833333333333332
0 0.5078125 0.5708333333333333 0.015625 0.020833333333333332
0 0.978125 0.5104166666666666 0.015625 0.020833333333333332
0 0.1546875 0.48541666666666666 0.015625 0.020833333333333332
0 0.7203125 0.44375 0.015625 0.020833333333333332
0 0.5140625 0.37083333333333335 0.015625 0.020833333333333332
0 0.1890625 0.35208333333333336 0.015625 0.020833333333333332
0 0.653125 0.34375 0.015625 0.020833333333333332
0 0.0703125 0.34375 0.015625 0.020833333333333332
0 0.609375 0.3145833333333333 0.015625 0.020833333333333332
0 0.35625 0.2916666666666667 0.015625 0.020833333333333332
0 0.215625 0.2875 0.015625 0.020833333333333332
0 0.5421875 0.2625 0.015625 0.020833333333333332
0 0.1859375 0.15833333333333333 0.015625 0.020833333333333332
0 0.1203125 0.15833333333333333 0.015625 0.020833333333333332
0 0.7640625 0.14166666666666666 0.015625 0.020833333333333332
0 0.3328125 0.1375 0.015625 0.020833333333333332
0 0.1578125 0.10833333333333334 0.015625 0.020833333333333332
0 0.609375 0.06041666666666667 0.015625 0.020833333333333332