0 0.7578125 0.9625 0.015625 0.020833333333333332
0 0.371875 0.9125 0.015625 0.020833333333333332
0 0.6765625 0.9104166666666667 0.015625 0.020833333333333332
0 0.64375 0.85 0.015625 0.020833333333333332
0 0.1484375 0.8208333333333333 0.015625 0.020833333333333332
0 0.7328125 0.7729166666666667 0.015625 0.020833333333333332
0 0.190625 0.7104166666666667 0.015625 0.020833333333333332
0 0.465625 0.7041666666666667 0.015625 0.020833333333333332
0 0.275 0.6854166666666667 0.015625 0.020833333333333332
0 0.53125 0.6791666666666667 0.015625 0.020833333333333332
0 0.1453125 0.6583333333333333 0.015625 0.020833333333333332
0 0.7984375 0.6479166666666667 0.015625 0.020833333333333332
0 0.38125 0.625 0.015625 0.020833333333333332
0 0.2046875 0.6166666666666667 0.015625 0.020833333333333332
0 0.121875 0.6145833333333334 0.015625 0.020833333333333332
0 0.0609375 0.5625 0.015625 0.020833333333333332
0 0.634375 0.5020833333333333 0.015625 0.020833333333333332
0 0.5453125 0.49166666666666664 0.015625 0.020833333333333332
0 0.4546875 0.475 0.015625 0.020833333333333332
0 0.6 0.46458333333333335 0.015625 0.020833333333333332
0 0.7078125 0.42083333333333334 0.015625 0.020833333333333332
0 0.728125 0.35833333333333334 0.015625 0.020833333333333332
0 0.9390625 0.35 0.015625 0.020833333333333332
0 0.509375 0.33958333333333335 0.015625 0.020833333333333332
0 0.040625 0.18958333333333333 0.015625 0.020833333333333332
0 0.271875 0.14375 0.015625 0.020833333333333332
0 0.1421875 0.13125 0.015625 0.020833333333333332
0 0.5859375 0.125 0.015625 0.020833333333333332
0 0.5734375 0.0625 0.015625 0.020833333333333332