0 0.4859375 0.9770833333333333 0.015625 0.020833333333333332
0 0.978125 0.9708333333333333 0.015625 0.020833333333333332
0 0.1515625 0.9104166666666667 0.015625 0.020833333333333332
0 0.2828125 0.89375 0.015625 0.020833333333333332
0 0.0359375 0.89375 0.015625 0.020833333333333332
0 0.88125 0.8729166666666667 0.015625 0.020833333333333332
0 0.2984375 0.8666666666666667 0.015625 0.020833333333333332
0 0.6140625 0.8645833333333334 0.015625 0.020833333333333332
0 0.265625 0.7645833333333333 0.015625 0.020833333333333332
0 0.6203125 0.75 0.015625 0.020833333333333332
0 0.9453125 0.7333333333333333 0.015625 0.020833333333333332
0 0.4515625 0.7104166666666667 0.015625 0.020833333333333332
0 0.990625 0.5895833333333333 0.015625 0.020833333333333332
0 0.840625 0.5208333333333334 0.015625 0.020833333333333332
0 0.6875 0.4875 0.015625 0.020833333333333332
0 0.1625 0.46041666666666664 0.015625 0.020833333333333332
0 0.6859375 0.40625 0.015625 0.020833333333333332
0 0.13125 0.39166666666666666 0.015625 0.020833333333333332
0 0.584375 0.35208333333333336 0.015625 0.020833333333333332
0 0.846875 0.22916666666666666 0.015625 0.020833333333333332
0 0.0234375 0.225 0.015625 0.020833333333333332
0 0.9421875 0.22083333333333333 0.015625 0.020833333333333332
0 0.6296875 0.21875 0.015625 0.020833333333333332
0 0.0828125 0.21666666666666667 0.015625 0.020833333333333332
0 0.4203125 0.17291666666666666 0.015625 0.020833333333333332
0 0.309375 0.14583333333333334 0.015625 0.020833333333333332
0 0.684375 0.07708333333333334 0.015625 0.020833333333333332
0 0.3265625 0.07083333333333333 0.015625 0.020833333333333332
0 0.5828125 0.03333333333333333 0.015625 0.020833333333333332
0 0.509375 0.010416666666666666 0.015625 0.020833333333333332