0 0.8609375 0.9625 0.015625 0.020833333333333332
0 0.209375 0.9375 0.015625 0.020833333333333332
0 0.1484375 0.8729166666666667 0.015625 0.020833333333333332
0 0.0890625 0.86875 0.015625 0.020833333333333332
0 0.7359375 0.8541666666666666 0.015625 0.020833333333333332
0 0.8625 0.8416666666666667 0.015625 0.020833333333333332
0 0.4203125 0.7833333333333333 0.015625 0.020833333333333332
0 0.0671875 0.7 0.015625 0.020833333333333332
0 0.796875 0.6708333333333333 0.015625 0.020833333333333332
0 0.2875 0.5020833333333333 0.015625 0.020833333333333332
0 0.1078125 0.4791666666666667 0.015625 0.020833333333333332
0 0.40625 0.4583333333333333 0.015625 0.020833333333333332
0 0.18125 0.4125 0.015625 0.020833333333333332
0 0.1375 0.36666666666666664 0.015625 0.020833333333333332
0 0.265625 0.325 0.015625 0.020833333333333332
0 0.5015625 0.3104166666666667 0.015625 0.020833333333333332
0 0.690625 0.22708333333333333 0.015625 0.020833333333333332
0 0.484375 0.20208333333333334 0.015625 0.020833333333333332
0 0.1375 0.12083333333333333 0.015625 0.020833333333333332
0 0.5875 0.10416666666666667 0.015625 0.020833333333333332
0 0.465625 0.09375 0.015625 0.020833333333333332
0 0.10625 0.04375 0.015625 0.020833333333333332
0 0.603125 0.03125 0.015625 0.020833333333333332
0 0.39375 0.0125 0.015625 0.020833333333333332
0 0.2984375 0.010416666666666666 0.015625 0.020833333333333332