0 0.3296875 0.99375 0.015625 0.020833333333333332
0 0.128125 0.9875 0.015625 0.020833333333333332
0 0.21875 0.9604166666666667 0.015625 0.020833333333333332
0 0.6015625 0.94375 0.015625 0.020833333333333332
0 0.2828125 0.90625 0.015625 0.020833333333333332
0 0.375 0.80625 0.015625 0.020833333333333332
0 0.6625 0.7895833333333333 0.015625 0.020833333333333332
0 0.9109375 0.75625 0.015625 0.020833333333333332
0 0.2265625 0.7520833333333333 0.015625 0.020833333333333332
0 0.2703125 0.74375 0.015625 0.020833333333333332
0 0.55 0.725 0.015625 0.020833333333333332
0 0.2671875 0.6583333333333333 0.015625 0.020833333333333332
0 0.3265625 0.5708333333333333 0.015625 0.020833333333333332
0 0.309375 0.5104166666666666 0.015625 0.020833333333333332
0 0.16875 0.49583333333333335 0.015625 0.020833333333333332
0 0.4671875 0.4625 0.015625 0.020833333333333332
0 0.275 0.4166666666666667 0.015625 0.020833333333333332
0 0.3984375 0.4083333333333333 0.015625 0.020833333333333332
0 0.8390625 0.3416666666666667 0.015625 0.020833333333333332
0 0.1390625 0.31875 0.015625 0.020833333333333332
0 0.753125 0.26666666666666666 0.015625 0.020833333333333332
0 0.134375 0.17291666666666666 0.015625 0.020833333333333332
0 0.1796875 0.17083333333333334 0.015625 0.020833333333333332
0 0.846875 0.15833333333333333 0.015625 0.020833333333333332
0 0.675 0.14791666666666667 0.015625 0.020833333333333332
0 0.8125 0.11041666666666666 0.015625 0.020833333333333332
0 0.06875 0.07708333333333334 0.015625 0.020833333333333332