0 0.3578125 0.9583333333333334 0.015625 0.020833333333333332
0 0.321875 0.9416666666666667 0.015625 0.020833333333333332
0 0.2984375 0.79375 0.015625 0.020833333333333332
0 0.0671875 0.775 0.015625 0.020833333333333332
0 0.390625 0.7708333333333334 0.015625 0.020833333333333332
0 0.3890625 0.7229166666666667 0.015625 0.020833333333333332
0 0.140625 0.7104166666666667 0.015625 0.020833333333333332
0 0.5265625 0.7041666666666667 0.015625 0.020833333333333332
0 0.0640625 0.6583333333333333 0.015625 0.020833333333333332
0 0.7203125 0.61875 0.015625 0.020833333333333332
0 0.4125 0.5833333333333334 0.015625 0.020833333333333332
0 0.346875 0.5416666666666666 0.015625 0.020833333333333332
0 0.409375 0.5083333333333333 0.015625 0.020833333333333332
0 0.8953125 0.4625 0.015625 0.020833333333333332
0 0.9484375 0.44583333333333336 0.015625 0.020833333333333332
0 0.871875 0.425 0.015625 0.020833333333333332
0 0.4953125 0.3770833333333333 0.015625 0.020833333333333332
0 0.046875 0.28958333333333336 0.015625 0.020833333333333332
0 0.1515625 0.2625 0.015625 0.020833333333333332
0 0.078125 0.18958333333333333 0.015625 0.020833333333333332
0 0.846875 0.18333333333333332 0.015625 0.020833333333333332
0 0.009375 0.08541666666666667 0.015625 0.020833333333333332
0 0.4359375 0.016666666666666666 0.015625 0.020833333333333332