0 0.3625 0.93125 0.015625 0.020833333333333332
0 0.06875 0.9166666666666666 0.015625 0.020833333333333332
0 0.796875 0.7916666666666666 0.015625 0.020833333333333332
0 0.690625 0.7875 0.015625 0.020833333333333332
0 0.5609375 0.78125 0.015625 0.020833333333333332
0 0.346875 0.7791666666666667 0.015625 0.020833333333333332
0 0.9109375 0.7625 0.015625 0.020833333333333332
0 0.1921875 0.7291666666666666 0.015625 0.020833333333333332
0 0.34375 0.7020833333333333 0.015625 0.020833333333333332
0 0.4265625 0.6666666666666666 0.015625 0.020833333333333332
0 0.0484375 0.6645833333333333 0.015625 0.020833333333333332
0 0.35 0.6375 0.015625 0.020833333333333332
0 0.8375 0.5645833333333333 0.015625 0.020833333333333332
0 0.6921875 0.55625 0.015625 0.020833333333333332
0 0.009375 0.5291666666666667 0.015625 0.020833333333333332
0 0.546875 0.5166666666666667 0.015625 0.020833333333333332
0 0.8078125 0.4895833333333333 0.015625 0.020833333333333332
0 0.721875 0.44583333333333336 0.015625 0.020833333333333332
0 0.1796875 0.325 0.015625 0.020833333333333332
0 0.0375 0.32083333333333336 0.015625 0.020833333333333332
0 0.41875 0.23333333333333334 0.015625 0.020833333333333332
0 0.465625 0.18541666666666667 0.015625 0.020833333333333332
0 0.046875 0.13125 0.015625 0.020833333333333332
0 0.6421875 0.11458333333333333 0.015625 0.020833333333333332