0 0.6671875 0.9604166666666667 0.015625 0.020833333333333332
0 0.2609375 0.95625 0.015625 0.020833333333333332
0 0.0359375 0.8916666666666667 0.015625 0.020833333333333332
0 0.6625 0.85625 0.015625 0.020833333333333332
0 0.3453125 0.825 0.015625 0.020833333333333332
0 0.9109375 0.80625 0.015625 0.020833333333333332
0 0.0875 0.80625 0.015625 0.020833333333333332
0 0.2109375 0.7604166666666666 0.015625 0.020833333333333332
0 0.0515625 0.73125 0.015625 0.020833333333333332
0 0.1234375 0.6666666666666666 0.015625 0.020833333333333332
0 0.8140625 0.6541666666666667 0.015625 0.020833333333333332
0 0.6890625 0.6541666666666667 0.015625 0.020833333333333332
0 0.971875 0.6270833333333333 0.015625 0.020833333333333332
0 0.4984375 0.5770833333333333 0.015625 0.020833333333333332
0 0.5625 0.5604166666666667 0.015625 0.020833333333333332
0 0.9015625 0.49583333333333335 0.015625 0.020833333333333332
0 0.1328125 0.49583333333333335 0.015625 0.020833333333333332
0 0.071875 0.4 0.015625 0.020833333333333332
0 0.8609375 0.34375 0.015625 0.020833333333333332
0 0.7484375 0.32083333333333336 0.015625 0.020833333333333332
0 0.5765625 0.32083333333333336 0.015625 0.020833333333333332
0 0.7046875 0.2625 0.015625 0.020833333333333332
0 0.640625 0.25833333333333336 0.015625 0.020833333333333332
0 0.1484375 0.24375 0.015625 0.020833333333333332
0 0.3484375 0.22916666666666666 0.015625 0.020833333333333332
0 0.3859375 0.225 0.015625 0.020833333333333332
0 0.4421875 0.2 0.015625 0.020833333333333332
0 0.409375 0.08333333333333333 0.015625 0.020833333333333332
0 0.478125 0.052083333333333336 0.015625 0.020833333333333332
0 0.8078125 0.04791666666666667 0.015625 0.020833333333333332