0 0.046875 0.9833333333333333 0.015625 0.020833333333333332
0 0.3203125 0.9666666666666667 0.015625 0.020833333333333332
0 0.2578125 0.9333333333333333 0.015625 0.020833333333333332
0 0.828125 0.8520833333333333 0.015625 0.020833333333333332
0 0.9078125 0.8479166666666667 0.015625 0.020833333333333332
0 0.1296875 0.8354166666666667 0.015625 0.020833333333333332
0 0.8140625 0.68125 0.015625 0.020833333333333332
0 0.3421875 0.6708333333333333 0.015625 0.020833333333333332
0 0.175 0.6416666666666667 0.015625 0.020833333333333332
0 0.521875 0.6375 0.015625 0.020833333333333332
0 0.021875 0.6291666666666667 0.015625 0.020833333333333332
0 0.4921875 0.5354166666666667 0.015625 0.020833333333333332
0 0.63125 0.4583333333333333 0.015625 0.020833333333333332
0 0.7015625 0.3625 0.015625 0.020833333333333332
0 0.596875 0.3333333333333333 0.015625 0.020833333333333332
0 0.1640625 0.3333333333333333 0.015625 0.020833333333333332
0 0.8703125 0.325 0.015625 0.020833333333333332
0 0.0265625 0.325 0.015625 0.020833333333333332
0 0.7265625 0.28958333333333336 0.015625 0.020833333333333332
0 0.146875 0.2833333333333333 0.015625 0.020833333333333332
0 0.66875 0.2791666666666667 0.015625 0.020833333333333332
0 0.15625 0.21458333333333332 0.015625 0.020833333333333332
0 0.5671875 0.18958333333333333 0.015625 0.020833333333333332
0 0.15625 0.17916666666666667 0.015625 0.020833333333333332
0 0.596875 0.13541666666666666 0.015625 0.020833333333333332
0 0.49375 0.11041666666666666 0.015625 0.020833333333333332
0 0.634375 0.08333333333333333 0.015625 0.020833333333333332
0 0.690625 0.07083333333333333 0.015625 0.020833333333333332
0 0.509375 0.05 0.015625 0.020833333333333332
0 0.15625 0.03958333333333333 0.015625 0.020833333333333332