0 0.1640625 0.9791666666666666 0.015625 0.020833333333333332
0 0.2078125 0.9625 0.015625 0.020833333333333332
0 0.3828125 0.9291666666666667 0.015625 0.020833333333333332
0 0.43125 0.925 0.015625 0.020833333333333332
0 0.1109375 0.9166666666666666 0.015625 0.020833333333333332
0 0.1578125 0.8625 0.015625 0.020833333333333332
0 0.4671875 0.8604166666666667 0.015625 0.020833333333333332
0 0.6359375 0.7895833333333333 0.015625 0.020833333333333332
0 0.746875 0.7625 0.015625 0.020833333333333332
0 0.7 0.7541666666666667 0.015625 0.020833333333333332
0 0.4609375 0.7416666666666667 0.015625 0.020833333333333332
0 0.05625 0.7208333333333333 0.015625 0.020833333333333332
0 0.15 0.7 0.015625 0.020833333333333332
0 0.6328125 0.6833333333333333 0.015625 0.020833333333333332
0 0.109375 0.6333333333333333 0.015625 0.020833333333333332
0 0.871875 0.6208333333333333 0.015625 0.020833333333333332
0 0.209375 0.5916666666666667 0.015625 0.020833333333333332
0 0.2765625 0.5291666666666667 0.015625 0.020833333333333332
0 0.090625 0.5166666666666667 0.015625 0.020833333333333332
0 0.1796875 0.5041666666666667 0.015625 0.020833333333333332
0 0.446875 0.48333333333333334 0.015625 0.020833333333333332
0 0.7734375 0.475 0.015625 0.020833333333333332
0 0.0109375 0.45 0.015625 0.020833333333333332
0 0.5515625 0.42916666666666664 0.015625 0.020833333333333332
0 0.95625 0.4041666666666667 0.015625 0.020833333333333332
0 0.1765625 0.38125 0.015625 0.020833333333333332
0 0.328125 0.36666666666666664 0.015625 0.020833333333333332
0 0.58125 0.36041666666666666 0.015625 0.020833333333333332
0 0.0125 0.3 0.015625 0.020833333333333332
0 0.965625 0.29791666666666666 0.015625 0.020833333333333332
0 0.4203125 0.23958333333333334 0.015625 0.020833333333333332
0 0.803125 0.19166666666666668 0.015625 0.020833333333333332
0 0.41875 0.1875 0.015625 0.020833333333333332
0 0.175 0.18541666666666667 0.015625 0.020833333333333332
0 0.25625 0.13541666666666666 0.015625 0.020833333333333332
0 0.0140625 0.13333333333333333 0.015625 0.020833333333333332
0 0.1265625 0.11458333333333333 0.015625 0.020833333333333332
0 0.1078125 0.075 0.015625 0.020833333333333332
0 0.6828125 0.05416666666666667 0.015625 0.020833333333333332