0 0.1453125 0.9875 0.015625 0.020833333333333332
0 0.2046875 0.94375 0.015625 0.020833333333333332
0 0.08125 0.9291666666666667 0.015625 0.020833333333333332
0 0.025 0.925 0.015625 0.020833333333333332
0 0.8296875 0.8875 0.015625 0.020833333333333332
0 0.95 0.8645833333333334 0.015625 0.020833333333333332
0 0.1203125 0.8625 0.015625 0.020833333333333332
0 0.31875 0.8458333333333333 0.015625 0.020833333333333332
0 0.071875 0.83125 0.015625 0.020833333333333332
0 0.9265625 0.79375 0.015625 0.020833333333333332
0 0.0171875 0.7854166666666667 0.015625 0.020833333333333332
0 0.7703125 0.75625 0.015625 0.020833333333333332
0 0.0296875 0.7270833333333333 0.015625 0.020833333333333332
0 0.4609375 0.69375 0.015625 0.020833333333333332
0 0.2875 0.6604166666666667 0.015625 0.020833333333333332
0 0.365625 0.6395833333333333 0.015625 0.020833333333333332
0 0.746875 0.58125 0.015625 0.020833333333333332
0 0.584375 0.5083333333333333 0.015625 0.020833333333333332
0 0.2234375 0.4270833333333333 0.015625 0.020833333333333332
0 0.896875 0.42291666666666666 0.015625 0.020833333333333332
0 0.85 0.42291666666666666 0.015625 0.020833333333333332
0 0.76875 0.39375 0.015625 0.020833333333333332
0 0.3265625 0.39166666666666666 0.015625 0.020833333333333332
0 0.4984375 0.29791666666666666 0.015625 0.020833333333333332
0 0.1640625 0.25 0.015625 0.020833333333333332
0 0.575 0.23541666666666666 0.015625 0.020833333333333332
0 0.7 0.23125 0.015625 0.020833333333333332
0 0.98125 0.22291666666666668 0.015625 0.020833333333333332
0 0.21875 0.10625 0.015625 0.020833333333333332
0 0.359375 0.0625 0.015625 0.020833333333333332