0 0.090625 0.9604166666666667 0.015625 0.020833333333333332
0 0.70625 0.8979166666666667 0.015625 0.020833333333333332
0 0.053125 0.8229166666666666 0.015625 0.020833333333333332
0 0.0921875 0.7583333333333333 0.015625 0.020833333333333332
0 0.284375 0.6791666666666667 0.015625 0.020833333333333332
0 0.834375 0.6416666666666667 0.015625 0.020833333333333332
0 0.3421875 0.6125 0.015625 0.020833333333333332
0 0.7390625 0.5875 0.015625 0.020833333333333332
0 0.3359375 0.5333333333333333 0.015625 0.020833333333333332
0 0.9203125 0.45208333333333334 0.015625 0.020833333333333332
0 0.8296875 0.44583333333333336 0.015625 0.020833333333333332
0 0.1453125 0.4270833333333333 0.015625 0.020833333333333332
0 0.85 0.24791666666666667 0.015625 0.020833333333333332
0 0.0515625 0.1375 0.015625 0.020833333333333332
0 0.7515625 0.09791666666666667 0.015625 0.020833333333333332
0 0.821875 0.058333333333333334 0.015625 0.020833333333333332