0 0.5515625 0.98125 0.015625 0.020833333333333332
0 0.934375 0.9541666666666667 0.015625 0.020833333333333332
0 0.1421875 0.9375 0.015625 0.020833333333333332
0 0.2953125 0.8875 0.015625 0.020833333333333332
0 0.715625 0.8520833333333333 0.015625 0.020833333333333332
0 0.9296875 0.8458333333333333 0.015625 0.020833333333333332
0 0.2328125 0.83125 0.015625 0.020833333333333332
0 0.43125 0.8291666666666667 0.015625 0.020833333333333332
0 0.3546875 0.7416666666666667 0.015625 0.020833333333333332
0 0.521875 0.725 0.015625 0.020833333333333332
0 0.2515625 0.6979166666666666 0.015625 0.020833333333333332
0 0.2765625 0.5645833333333333 0.015625 0.020833333333333332
0 0.1984375 0.5458333333333333 0.015625 0.020833333333333332
0 0.45625 0.4979166666666667 0.015625 0.020833333333333332
0 0.2078125 0.46458333333333335 0.015625 0.020833333333333332
0 0.465625 0.4375 0.015625 0.020833333333333332
0 0.278125 0.42291666666666666 0.015625 0.020833333333333332
0 0.396875 0.37916666666666665 0.015625 0.020833333333333332
0 0.1140625 0.35 0.015625 0.020833333333333332
0 0.81875 0.2708333333333333 0.015625 0.020833333333333332
0 0.3640625 0.25416666666666665 0.015625 0.020833333333333332
0 0.7546875 0.19791666666666666 0.015625 0.020833333333333332
0 0.840625 0.18541666666666667 0.015625 0.020833333333333332
0 0.09375 0.10208333333333333 0.015625 0.020833333333333332
0 0.25 0.05 0.015625 0.020833333333333332
0 0.871875 0.041666666666666664 0.015625 0.020833333333333332