0 0.71875 0.9520833333333333 0.015625 0.020833333333333332
0 0.0578125 0.8833333333333333 0.015625 0.020833333333333332
0 0.26875 0.8791666666666667 0.015625 0.020833333333333332
0 0.5578125 0.8229166666666666 0.015625 0.020833333333333332
0 0.5140625 0.8145833333333333 0.015625 0.020833333333333332
0 0.5609375 0.78125 0.015625 0.020833333333333332
0 0.65625 0.7395833333333334 0.015625 0.020833333333333332
0 0.7515625 0.7333333333333333 0.015625 0.020833333333333332
0 0.015625 0.7125 0.015625 0.020833333333333332
0 0.90625 0.64375 0.015625 0.020833333333333332
0 0.2890625 0.6395833333333333 0.015625 0.020833333333333332
0 0.21875 0.6270833333333333 0.015625 0.020833333333333332
0 0.8140625 0.5916666666666667 0.015625 0.020833333333333332
0 0.0203125 0.575 0.015625 0.020833333333333332
0 0.234375 0.5729166666666666 0.015625 0.020833333333333332
0 0.709375 0.55625 0.015625 0.020833333333333332
0 0.4015625 0.53125 0.015625 0.020833333333333332
0 0.7890625 0.5104166666666666 0.015625 0.020833333333333332
0 0.2328125 0.5020833333333333 0.015625 0.020833333333333332
0 0.034375 0.4666666666666667 0.015625 0.020833333333333332
0 0.9453125 0.46041666666666664 0.015625 0.020833333333333332
0 0.3453125 0.4354166666666667 0.015625 0.020833333333333332
0 0.7046875 0.4166666666666667 0.015625 0.020833333333333332
0 0.43125 0.4083333333333333 0.015625 0.020833333333333332
0 0.234375 0.38125 0.015625 0.020833333333333332
0 0.3921875 0.3645833333333333 0.015625 0.020833333333333332
0 0.34375 0.3145833333333333 0.015625 0.020833333333333332
0 0.659375 0.1875 0.015625 0.020833333333333332
0 0.1109375 0.14583333333333334 0.015625 0.020833333333333332
0 0.89375 0.09375 0.015625 0.020833333333333332