0 0.290625 0.9666666666666667 0.015625 0.020833333333333332
0 0.2234375 0.9666666666666667 0.015625 0.020833333333333332
0 0.546875 0.95625 0.015625 0.020833333333333332
0 0.046875 0.9541666666666667 0.015625 0.020833333333333332
0 0.6171875 0.7875 0.015625 0.020833333333333332
0 0.8640625 0.7708333333333334 0.015625 0.020833333333333332
0 0.9125 0.7333333333333333 0.015625 0.020833333333333332
0 0.48125 0.5375 0.015625 0.020833333333333332
0 0.709375 0.53125 0.015625 0.020833333333333332
0 0.2171875 0.5229166666666667 0.015625 0.020833333333333332
0 0.259375 0.4354166666666667 0.015625 0.020833333333333332
0 0.696875 0.39375 0.015625 0.020833333333333332
0 0.284375 0.38333333333333336 0.015625 0.020833333333333332
0 0.134375 0.36666666666666664 0.015625 0.020833333333333332
0 0.4296875 0.3229166666666667 0.015625 0.020833333333333332
0 0.9296875 0.21458333333333332 0.015625 0.020833333333333332
0 0.971875 0.19791666666666666 0.015625 0.020833333333333332
0 0.265625 0.19583333333333333 0.015625 0.020833333333333332
0 0.71875 0.12291666666666666 0.015625 0.020833333333333332
0 0.2453125 0.11875 0.015625 0.020833333333333332
0 0.3828125 0.014583333333333334 0.015625 0.020833333333333332