0 0.275 0.86875 0.015625 0.020833333333333332
0 0.1140625 0.8083333333333333 0.015625 0.020833333333333332
0 0.98125 0.7666666666666667 0.015625 0.020833333333333332
0 0.1609375 0.6979166666666666 0.015625 0.020833333333333332
0 0.746875 0.6458333333333334 0.015625 0.020833333333333332
0 0.1390625 0.61875 0.015625 0.020833333333333332
0 0.1578125 0.5895833333333333 0.015625 0.020833333333333332
0 0.4234375 0.55 0.015625 0.020833333333333332
0 0.390625 0.5208333333333334 0.015625 0.020833333333333332
0 0.0984375 0.40625 0.015625 0.020833333333333332
0 0.0484375 0.3770833333333333 0.015625 0.020833333333333332
0 0.6328125 0.23333333333333334 0.015625 0.020833333333333332
0 0.0109375 0.18958333333333333 0.015625 0.020833333333333332
0 0.10625 0.1125 0.015625 0.020833333333333332
0 0.2921875 0.0625 0.015625 0.020833333333333332
0 0.13125 0.03958333333333333 0.015625 0.020833333333333332
0 0.775 0.03333333333333333 0.015625 0.020833333333333332
0 0.190625 0.01875 0.015625 0.020833333333333332
0 0.4484375 0.016666666666666666 0.015625 0.020833333333333332