0 0.103125 0.9041666666666667 0.015625 0.020833333333333332
0 0.290625 0.8520833333333333 0.015625 0.020833333333333332
0 0.8625 0.8375 0.015625 0.020833333333333332
0 0.5984375 0.8104166666666667 0.015625 0.020833333333333332
0 0.35 0.8041666666666667 0.015625 0.020833333333333332
0 0.190625 0.8041666666666667 0.015625 0.020833333333333332
0 0.9625 0.7895833333333333 0.015625 0.020833333333333332
0 0.26875 0.7854166666666667 0.015625 0.020833333333333332
0 0.21875 0.7145833333333333 0.015625 0.020833333333333332
0 0.2578125 0.6729166666666667 0.015625 0.020833333333333332
0 0.3890625 0.6708333333333333 0.015625 0.020833333333333332
0 0.4515625 0.6395833333333333 0.015625 0.020833333333333332
0 0.740625 0.58125 0.015625 0.020833333333333332
0 0.5453125 0.5395833333333333 0.015625 0.020833333333333332
0 0.8421875 0.4979166666666667 0.015625 0.020833333333333332
0 0.0390625 0.4895833333333333 0.015625 0.020833333333333332
0 0.7828125 0.44583333333333336 0.015625 0.020833333333333332
0 0.153125 0.41458333333333336 0.015625 0.020833333333333332
0 0.084375 0.33541666666666664 0.015625 0.020833333333333332
0 0.3640625 0.31875 0.015625 0.020833333333333332
0 0.459375 0.23333333333333334 0.015625 0.020833333333333332
0 0.65625 0.1375 0.015625 0.020833333333333332
0 0.7453125 0.11041666666666666 0.015625 0.020833333333333332