0 0.20625 0.8354166666666667 0.015625 0.020833333333333332
0 0.621875 0.7875 0.015625 0.020833333333333332
0 0.53125 0.78125 0.015625 0.020833333333333332
0 0.1703125 0.7666666666666667 0.015625 0.020833333333333332
0 0.93125 0.7625 0.015625 0.020833333333333332
0 0.2328125 0.74375 0.015625 0.020833333333333332
0 0.5625 0.7270833333333333 0.015625 0.020833333333333332
0 0.68125 0.6979166666666666 0.015625 0.020833333333333332
0 0.61875 0.6895833333333333 0.015625 0.020833333333333332
0 0.625 0.6416666666666667 0.015625 0.020833333333333332
0 0.7359375 0.6208333333333333 0.015625 0.020833333333333332
0 0.5359375 0.6 0.015625 0.020833333333333332
0 0.690625 0.5229166666666667 0.015625 0.020833333333333332
0 0.0953125 0.47291666666666665 0.015625 0.020833333333333332
0 0.7609375 0.44166666666666665 0.015625 0.020833333333333332
0 0.3828125 0.4 0.015625 0.020833333333333332
0 0.3859375 0.3416666666666667 0.015625 0.020833333333333332
0 0.11875 0.31875 0.015625 0.020833333333333332
0 0.471875 0.19583333333333333 0.015625 0.020833333333333332
0 0.3421875 0.18958333333333333 0.015625 0.020833333333333332
0 0.2125 0.15 0.015625 0.020833333333333332
0 0.80625 0.13125 0.015625 0.020833333333333332
0 0.690625 0.10416666666666667 0.015625 0.020833333333333332
0 0.1 0.0625 0.015625 0.020833333333333332
0 0.8703125 0.027083333333333334 0.015625 0.020833333333333332