0 0.375 0.9 0.015625 0.020833333333333332
0 0.5953125 0.8770833333333333 0.015625 0.020833333333333332
0 0.1578125 0.8645833333333334 0.015625 0.020833333333333332
0 0.103125 0.80625 0.015625 0.020833333333333332
0 0.4390625 0.7833333333333333 0.015625 0.020833333333333332
0 0.6734375 0.7791666666666667 0.015625 0.020833333333333332
0 0.2140625 0.76875 0.015625 0.020833333333333332
0 0.4140625 0.71875 0.015625 0.020833333333333332
0 0.6734375 0.70625 0.015625 0.020833333333333332
0 0.296875 0.6645833333333333 0.015625 0.020833333333333332
0 0.7703125 0.63125 0.015625 0.020833333333333332
0 0.9203125 0.6270833333333333 0.015625 0.020833333333333332
0 0.821875 0.61875 0.015625 0.020833333333333332
0 0.23125 0.5770833333333333 0.015625 0.020833333333333332
0 0.175 0.5708333333333333 0.015625 0.020833333333333332
0 0.7234375 0.5270833333333333 0.015625 0.020833333333333332
0 0.4046875 0.5125 0.015625 0.020833333333333332
0 0.7421875 0.48125 0.015625 0.020833333333333332
0 0.4234375 0.44375 0.015625 0.020833333333333332
0 0.9578125 0.2833333333333333 0.015625 0.020833333333333332
0 0.140625 0.2833333333333333 0.015625 0.020833333333333332
0 0.0265625 0.225 0.015625 0.020833333333333332
0 0.275 0.15 0.015625 0.020833333333333332
0 0.546875 0.10833333333333334 0.015625 0.020833333333333332
0 0.8109375 0.10416666666666667 0.015625 0.020833333333333332
0 0.5734375 0.09583333333333334 0.015625 0.020833333333333332
0 0.8890625 0.0375 0.015625 0.020833333333333332
0 0.41875 0.029166666666666667 0.015625 0.020833333333333332