0 0.359375 0.9854166666666667 0.015625 0.020833333333333332
0 0.515625 0.9645833333333333 0.015625 0.020833333333333332
0 0.4625 0.93125 0.015625 0.020833333333333332
0 0.009375 0.9125 0.015625 0.020833333333333332
0 0.3203125 0.9041666666666667 0.015625 0.020833333333333332
0 0.634375 0.9 0.015625 0.020833333333333332
0 0.215625 0.9 0.015625 0.020833333333333332
0 0.2984375 0.8520833333333333 0.015625 0.020833333333333332
0 0.4171875 0.85 0.015625 0.020833333333333332
0 0.134375 0.8270833333333333 0.015625 0.020833333333333332
0 0.184375 0.7541666666666667 0.015625 0.020833333333333332
0 0.7078125 0.7291666666666666 0.015625 0.020833333333333332
0 0.0671875 0.6833333333333333 0.015625 0.020833333333333332
0 0.6234375 0.68125 0.015625 0.020833333333333332
0 0.30625 0.5958333333333333 0.015625 0.020833333333333332
0 0.5296875 0.58125 0.015625 0.020833333333333332
0 0.915625 0.5625 0.015625 0.020833333333333332
0 0.2 0.5333333333333333 0.015625 0.020833333333333332
0 0.771875 0.5270833333333333 0.015625 0.020833333333333332
0 0.0859375 0.4791666666666667 0.015625 0.020833333333333332
0 0.653125 0.46875 0.015625 0.020833333333333332
0 0.6859375 0.43125 0.015625 0.020833333333333332
0 0.1765625 0.3875 0.015625 0.020833333333333332
0 0.0453125 0.3020833333333333 0.015625 0.020833333333333332
0 0.428125 0.27708333333333335 0.015625 0.020833333333333332
0 0.8328125 0.26875 0.015625 0.020833333333333332
0 0.7984375 0.15416666666666667 0.015625 0.020833333333333332
0 0.0453125 0.14791666666666667 0.015625 0.020833333333333332
0 0.3015625 0.14166666666666666 0.015625 0.020833333333333332
0 0.2421875 0.12708333333333333 0.015625 0.020833333333333332
0 0.1640625 0.10833333333333334 0.015625 0.020833333333333332
0 0.4125 0.09375 0.015625 0.020833333333333332
0 0.68125 0.03958333333333333 0.015625 0.020833333333333332