0 0.05625 0.9875 0.015625 0.020833333333333332
0 0.778125 0.9791666666666666 0.015625 0.020833333333333332
0 0.9578125 0.9416666666666667 0.015625 0.020833333333333332
0 0.178125 0.93125 0.015625 0.020833333333333332
0 0.2421875 0.9166666666666666 0.015625 0.020833333333333332
0 0.8171875 0.9104166666666667 0.015625 0.020833333333333332
0 0.053125 0.8895833333333333 0.015625 0.020833333333333332
0 0.2828125 0.8354166666666667 0.015625 0.020833333333333332
0 0.453125 0.8333333333333334 0.015625 0.020833333333333332
0 0.21875 0.7520833333333333 0.015625 0.020833333333333332
0 0.409375 0.7416666666666667 0.015625 0.020833333333333332
0 0.4890625 0.7375 0.015625 0.020833333333333332
0 0.0328125 0.6479166666666667 0.015625 0.020833333333333332
0 0.2484375 0.6208333333333333 0.015625 0.020833333333333332
0 0.084375 0.5375 0.015625 0.020833333333333332
0 0.4890625 0.5333333333333333 0.015625 0.020833333333333332
0 0.5203125 0.5083333333333333 0.015625 0.020833333333333332
0 0.2515625 0.475 0.015625 0.020833333333333332
0 0.29375 0.41041666666666665 0.015625 0.020833333333333332
0 0.1203125 0.3541666666666667 0.015625 0.020833333333333332
0 0.840625 0.28958333333333336 0.015625 0.020833333333333332
0 0.3984375 0.2604166666666667 0.015625 0.020833333333333332
0 0.8515625 0.22708333333333333 0.015625 0.020833333333333332
0 0.7734375 0.21458333333333332 0.015625 0.020833333333333332
0 0.8921875 0.0625 0.015625 0.020833333333333332
0 0.06875 0.029166666666666667 0.015625 0.020833333333333332
0 0.44375 0.020833333333333332 0.015625 0.020833333333333332
0 0.9390625 0.008333333333333333 0.015625 0.020833333333333332