0 0.471875 0.9416666666666667 0.015625 0.020833333333333332
0 0.3125 0.9354166666666667 0.015625 0.020833333333333332
0 0.4234375 0.9270833333333334 0.015625 0.020833333333333332
0 0.8453125 0.9083333333333333 0.015625 0.020833333333333332
0 0.4890625 0.8020833333333334 0.015625 0.020833333333333332
0 0.4234375 0.775 0.015625 0.020833333333333332
0 0.015625 0.7395833333333334 0.015625 0.020833333333333332
0 0.503125 0.73125 0.015625 0.020833333333333332
0 0.2484375 0.725 0.015625 0.020833333333333332
0 0.134375 0.7041666666666667 0.015625 0.020833333333333332
0 0.7859375 0.6291666666666667 0.015625 0.020833333333333332
0 0.428125 0.48541666666666666 0.015625 0.020833333333333332
0 0.7828125 0.45416666666666666 0.015625 0.020833333333333332
0 0.2734375 0.425 0.015625 0.020833333333333332
0 0.9375 0.40208333333333335 0.015625 0.020833333333333332
0 0.5484375 0.39791666666666664 0.015625 0.020833333333333332
0 0.025 0.32083333333333336 0.015625 0.020833333333333332
0 0.20625 0.28541666666666665 0.015625 0.020833333333333332
0 0.1140625 0.28541666666666665 0.015625 0.020833333333333332
0 0.946875 0.13541666666666666 0.015625 0.020833333333333332
0 0.0625 0.07083333333333333 0.015625 0.020833333333333332
0 0.4890625 0.03333333333333333 0.015625 0.020833333333333332