0 0.2890625 0.9708333333333333 0.015625 0.020833333333333332
0 0.3359375 0.9604166666666667 0.015625 0.020833333333333332
0 0.6078125 0.86875 0.015625 0.020833333333333332
0 0.3515625 0.8645833333333334 0.015625 0.020833333333333332
0 0.965625 0.78125 0.015625 0.020833333333333332
0 0.38125 0.7708333333333334 0.015625 0.020833333333333332
0 0.1328125 0.7520833333333333 0.015625 0.020833333333333332
0 0.2796875 0.6958333333333333 0.015625 0.020833333333333332
0 0.121875 0.69375 0.015625 0.020833333333333332
0 0.65 0.6354166666666666 0.015625 0.020833333333333332
0 0.1515625 0.625 0.015625 0.020833333333333332
0 0.3640625 0.59375 0.015625 0.020833333333333332
0 0.5859375 0.5854166666666667 0.015625 0.020833333333333332
0 0.2625 0.575 0.015625 0.020833333333333332
0 0.8234375 0.5041666666666667 0.015625 0.020833333333333332
0 0.9453125 0.48333333333333334 0.015625 0.020833333333333332
0 0.7921875 0.44375 0.015625 0.020833333333333332
0 0.9578125 0.41458333333333336 0.015625 0.020833333333333332
0 0.80625 0.41458333333333336 0.015625 0.020833333333333332
0 0.4484375 0.3625 0.015625 0.020833333333333332
0 0.275 0.34791666666666665 0.015625 0.020833333333333332
0 0.8125 0.32916666666666666 0.015625 0.020833333333333332
0 0.1234375 0.30416666666666664 0.015625 0.020833333333333332
0 0.7515625 0.23125 0.015625 0.020833333333333332
0 0.10625 0.22291666666666668 0.015625 0.020833333333333332
0 0.9734375 0.12291666666666666 0.015625 0.020833333333333332