0 0.3828125 0.9916666666666667 0.015625 0.020833333333333332
0 0.178125 0.9270833333333334 0.015625 0.020833333333333332
0 0.703125 0.925 0.015625 0.020833333333333332
0 0.1421875 0.9083333333333333 0.015625 0.020833333333333332
0 0.5125 0.86875 0.015625 0.020833333333333332
0 0.45 0.86875 0.015625 0.020833333333333332
0 0.5640625 0.7645833333333333 0.015625 0.020833333333333332
0 0.7078125 0.7583333333333333 0.015625 0.020833333333333332
0 0.053125 0.7145833333333333 0.015625 0.020833333333333332
0 0.265625 0.7083333333333334 0.015625 0.020833333333333332
0 0.6328125 0.6916666666666667 0.015625 0.020833333333333332
0 0.2484375 0.65625 0.015625 0.020833333333333332
0 0.9 0.64375 0.015625 0.020833333333333332
0 0.7296875 0.6041666666666666 0.015625 0.020833333333333332
0 0.259375 0.5854166666666667 0.015625 0.020833333333333332
0 0.0796875 0.5729166666666666 0.015625 0.020833333333333332
0 0.5671875 0.5666666666666667 0.015625 0.020833333333333332
0 0.8359375 0.5208333333333334 0.015625 0.020833333333333332
0 0.36875 0.4979166666666667 0.015625 0.020833333333333332
0 0.6078125 0.4375 0.015625 0.020833333333333332
0 0.2625 0.42083333333333334 0.015625 0.020833333333333332
0 0.03125 0.38958333333333334 0.015625 0.020833333333333332
0 0.49375 0.38125 0.015625 0.020833333333333332
0 0.303125 0.36041666666666666 0.015625 0.020833333333333332
0 0.0703125 0.32708333333333334 0.015625 0.020833333333333332
0 0.5828125 0.3229166666666667 0.015625 0.020833333333333332
0 0.278125 0.30416666666666664 0.015625 0.020833333333333332
0 0.6375 0.16666666666666666 0.015625 0.020833333333333332
0 0.06875 0.125 0.015625 0.020833333333333332
0 0.878125 0.11041666666666666 0.015625 0.020833333333333332
0 0.8828125 0.014583333333333334 0.015625 0.020833333333333332