0 0.95625 0.96875 0.015625 0.020833333333333332
0 0.5625 0.9375 0.015625 0.020833333333333332
0 0.196875 0.8541666666666666 0.015625 0.020833333333333332
0 0.7640625 0.7604166666666666 0.015625 0.020833333333333332
0 0.3265625 0.70625 0.015625 0.020833333333333332
0 0.48125 0.6875 0.015625 0.020833333333333332
0 0.5734375 0.6729166666666667 0.015625 0.020833333333333332
0 0.0609375 0.6708333333333333 0.015625 0.020833333333333332
0 0.434375 0.6479166666666667 0.015625 0.020833333333333332
0 0.3953125 0.59375 0.015625 0.020833333333333332
0 0.33125 0.5645833333333333 0.015625 0.020833333333333332
0 0.7140625 0.48541666666666666 0.015625 0.020833333333333332
0 0.534375 0.4583333333333333 0.015625 0.020833333333333332
0 0.45625 0.4354166666666667 0.015625 0.020833333333333332
0 0.925 0.43333333333333335 0.015625 0.020833333333333332
0 0.059375 0.3729166666666667 0.015625 0.020833333333333332
0 0.7015625 0.325 0.015625 0.020833333333333332
0 0.521875 0.23333333333333334 0.015625 0.020833333333333332
0 0.6859375 0.2125 0.015625 0.020833333333333332
0 0.0765625 0.20416666666666666 0.015625 0.020833333333333332
0 0.5 0.1625 0.015625 0.020833333333333332
0 0.3375 0.15625 0.015625 0.020833333333333332
0 0.1265625 0.15625 0.015625 0.020833333333333332
0 0.7015625 0.11875 0.015625 0.020833333333333332
0 0.228125 0.07083333333333333 0.015625 0.020833333333333332
0 0.7203125 0.06041666666666667 0.015625 0.020833333333333332