0 0.4296875 0.9479166666666666 0.015625 0.020833333333333332
0 0.9265625 0.9125 0.015625 0.020833333333333332
0 0.1515625 0.8354166666666667 0.015625 0.020833333333333332
0 0.7828125 0.7208333333333333 0.015625 0.020833333333333332
0 0.3234375 0.6791666666666667 0.015625 0.020833333333333332
0 0.5078125 0.6770833333333334 0.015625 0.020833333333333332
0 0.01875 0.6645833333333333 0.015625 0.020833333333333332
0 0.0203125 0.61875 0.015625 0.020833333333333332
0 0.5421875 0.6 0.015625 0.020833333333333332
0 0.259375 0.5895833333333333 0.015625 0.020833333333333332
0 0.4640625 0.575 0.015625 0.020833333333333332
0 0.5625 0.39375 0.015625 0.020833333333333332
0 0.9640625 0.38958333333333334 0.015625 0.020833333333333332
0 0.8953125 0.38125 0.015625 0.020833333333333332
0 0.6890625 0.36875 0.015625 0.020833333333333332
0 0.109375 0.35625 0.015625 0.020833333333333332
0 0.053125 0.2916666666666667 0.015625 0.020833333333333332
0 0.6515625 0.2125 0.015625 0.020833333333333332
0 0.1234375 0.20625 0.015625 0.020833333333333332
0 0.696875 0.20208333333333334 0.015625 0.020833333333333332
0 0.1453125 0.1625 0.015625 0.020833333333333332
0 0.50625 0.13333333333333333 0.015625 0.020833333333333332
0 0.5890625 0.12708333333333333 0.015625 0.020833333333333332
0 0.7203125 0.08125 0.015625 0.020833333333333332
0 0.184375 0.05416666666666667 0.015625 0.020833333333333332