0 0.5328125 0.98125 0.015625 0.020833333333333332
0 0.3921875 0.8979166666666667 0.015625 0.020833333333333332
0 0.6203125 0.8604166666666667 0.015625 0.020833333333333332
0 0.7375 0.8583333333333333 0.015625 0.020833333333333332
0 0.0265625 0.8354166666666667 0.015625 0.020833333333333332
0 0.6125 0.8208333333333333 0.015625 0.020833333333333332
0 0.10625 0.8145833333333333 0.015625 0.020833333333333332
0 0.9828125 0.8125 0.015625 0.020833333333333332
0 0.1515625 0.8041666666666667 0.015625 0.020833333333333332
0 0.659375 0.8 0.015625 0.020833333333333332
0 0.065625 0.7791666666666667 0.015625 0.020833333333333332
0 0.284375 0.7541666666666667 0.015625 0.020833333333333332
0 0.428125 0.71875 0.015625 0.020833333333333332
0 0.3578125 0.6333333333333333 0.015625 0.020833333333333332
0 0.4328125 0.6291666666666667 0.015625 0.020833333333333332
0 0.8375 0.6229166666666667 0.015625 0.020833333333333332
0 0.2421875 0.6166666666666667 0.015625 0.020833333333333332
0 0.2734375 0.5979166666666667 0.015625 0.020833333333333332
0 0.565625 0.5958333333333333 0.015625 0.020833333333333332
0 0.1546875 0.5354166666666667 0.015625 0.020833333333333332
0 0.90625 0.51875 0.015625 0.020833333333333332
0 0.59375 0.5166666666666667 0.015625 0.020833333333333332
0 0.1828125 0.5083333333333333 0.015625 0.020833333333333332
0 0.3859375 0.5 0.015625 0.020833333333333332
0 0.4796875 0.48541666666666666 0.015625 0.020833333333333332
0 0.8625 0.43333333333333335 0.015625 0.020833333333333332
0 0.028125 0.40625 0.015625 0.020833333333333332
0 0.4265625 0.4041666666666667 0.015625 0.020833333333333332
0 0.6765625 0.375 0.015625 0.020833333333333332
0 0.9796875 0.3645833333333333 0.015625 0.020833333333333332
0 0.7625 0.3333333333333333 0.015625 0.020833333333333332
0 0.0859375 0.22083333333333333 0.015625 0.020833333333333332
0 0.5109375 0.05625 0.015625 0.020833333333333332
0 0.58125 0.035416666666666666 0.015625 0.020833333333333332
0 0.4875 0.035416666666666666 0.015625 0.020833333333333332
0 0.35 0.025 0.015625 0.020833333333333332