0 0.0796875 0.95625 0.015625 0.020833333333333332
0 0.421875 0.8604166666666667 0.015625 0.020833333333333332
0 0.5625 0.7833333333333333 0.015625 0.020833333333333332
0 0.50625 0.7666666666666667 0.015625 0.020833333333333332
0 0.2125 0.7604166666666666 0.015625 0.020833333333333332
0 0.709375 0.725 0.015625 0.020833333333333332
0 0.1375 0.6854166666666667 0.015625 0.020833333333333332
0 0.4078125 0.6833333333333333 0.015625 0.020833333333333332
0 0.76875 0.65625 0.015625 0.020833333333333332
0 0.3921875 0.5958333333333333 0.015625 0.020833333333333332
0 0.4453125 0.5666666666666667 0.015625 0.020833333333333332
0 0.55 0.5625 0.015625 0.020833333333333332
0 0.9875 0.5208333333333334 0.015625 0.020833333333333332
0 0.8109375 0.5208333333333334 0.015625 0.020833333333333332
0 0.4859375 0.5083333333333333 0.015625 0.020833333333333332
0 0.5453125 0.4708333333333333 0.015625 0.020833333333333332
0 0.9375 0.44166666666666665 0.015625 0.020833333333333332
0 0.6734375 0.41458333333333336 0.015625 0.020833333333333332
0 0.7578125 0.39166666666666666 0.015625 0.020833333333333332
0 0.165625 0.375 0.015625 0.020833333333333332
0 0.5421875 0.35208333333333336 0.015625 0.020833333333333332
0 0.3125 0.35 0.015625 0.020833333333333332
0 0.4890625 0.3458333333333333 0.015625 0.020833333333333332
0 0.665625 0.3333333333333333 0.015625 0.020833333333333332
0 0.6109375 0.29791666666666666 0.015625 0.020833333333333332
0 0.4515625 0.1875 0.015625 0.020833333333333332
0 0.896875 0.0375 0.015625 0.020833333333333332