0 0.39375 0.9791666666666666 0.015625 0.020833333333333332
0 0.5578125 0.8895833333333333 0.015625 0.020833333333333332
0 0.1328125 0.8 0.015625 0.020833333333333332
0 0.7890625 0.6458333333333334 0.015625 0.020833333333333332
0 0.0640625 0.6458333333333334 0.015625 0.020833333333333332
0 0.6609375 0.6083333333333333 0.015625 0.020833333333333332
0 0.378125 0.5604166666666667 0.015625 0.020833333333333332
0 0.18125 0.4791666666666667 0.015625 0.020833333333333332
0 0.7078125 0.47708333333333336 0.015625 0.020833333333333332
0 0.821875 0.45416666666666666 0.015625 0.020833333333333332
0 0.4 0.4479166666666667 0.015625 0.020833333333333332
0 0.9125 0.41041666666666665 0.015625 0.020833333333333332
0 0.8171875 0.24166666666666667 0.015625 0.020833333333333332
0 0.74375 0.11666666666666667 0.015625 0.020833333333333332
0 0.725 0.058333333333333334 0.015625 0.020833333333333332
0 0.15 0.03958333333333333 0.015625 0.020833333333333332
0 0.590625 0.027083333333333334 0.015625 0.020833333333333332