0 0.346875 0.96875 0.015625 0.020833333333333332
0 0.6921875 0.9270833333333334 0.015625 0.020833333333333332
0 0.8703125 0.9083333333333333 0.015625 0.020833333333333332
0 0.8015625 0.9020833333333333 0.015625 0.020833333333333332
0 0.5046875 0.8916666666666667 0.015625 0.020833333333333332
0 0.234375 0.8729166666666667 0.015625 0.020833333333333332
0 0.278125 0.8416666666666667 0.015625 0.020833333333333332
0 0.496875 0.81875 0.015625 0.020833333333333332
0 0.85625 0.8041666666666667 0.015625 0.020833333333333332
0 0.0453125 0.775 0.015625 0.020833333333333332
0 0.109375 0.7375 0.015625 0.020833333333333332
0 0.4015625 0.6958333333333333 0.015625 0.020833333333333332
0 0.45 0.6583333333333333 0.015625 0.020833333333333332
0 0.309375 0.6541666666666667 0.015625 0.020833333333333332
0 0.74375 0.64375 0.015625 0.020833333333333332
0 0.134375 0.6020833333333333 0.015625 0.020833333333333332
0 0.43125 0.5854166666666667 0.015625 0.020833333333333332
0 0.6640625 0.55625 0.015625 0.020833333333333332
0 0.809375 0.4875 0.015625 0.020833333333333332
0 0.2703125 0.4270833333333333 0.015625 0.020833333333333332
0 0.965625 0.4166666666666667 0.015625 0.020833333333333332
0 0.1515625 0.3875 0.015625 0.020833333333333332
0 0.4265625 0.3416666666666667 0.015625 0.020833333333333332
0 0.2 0.32708333333333334 0.015625 0.020833333333333332
0 0.496875 0.28125 0.015625 0.020833333333333332
0 0.425 0.24583333333333332 0.015625 0.020833333333333332
0 0.2703125 0.22708333333333333 0.015625 0.020833333333333332
0 0.1234375 0.2125 0.015625 0.020833333333333332
0 0.846875 0.21041666666666667 0.015625 0.020833333333333332
0 0.7953125 0.15833333333333333 0.015625 0.020833333333333332
0 0.0328125 0.15416666666666667 0.015625 0.020833333333333332
0 0.14375 0.15208333333333332 0.015625 0.020833333333333332
0 0.96875 0.15 0.015625 0.020833333333333332