0 0.8609375 0.9541666666666667 0.015625 0.020833333333333332
0 0.80625 0.9520833333333333 0.015625 0.020833333333333332
0 0.4734375 0.9333333333333333 0.015625 0.020833333333333332
0 0.8828125 0.9166666666666666 0.015625 0.020833333333333332
0 0.64375 0.9104166666666667 0.015625 0.020833333333333332
0 0.3921875 0.8833333333333333 0.015625 0.020833333333333332
0 0.1859375 0.8416666666666667 0.015625 0.020833333333333332
0 0.53125 0.7229166666666667 0.015625 0.020833333333333332
0 0.4578125 0.7145833333333333 0.015625 0.020833333333333332
0 0.490625 0.6916666666666667 0.015625 0.020833333333333332
0 0.6921875 0.6479166666666667 0.015625 0.020833333333333332
0 0.121875 0.6270833333333333 0.015625 0.020833333333333332
0 0.4859375 0.5583333333333333 0.015625 0.020833333333333332
0 0.0703125 0.5104166666666666 0.015625 0.020833333333333332
0 0.425 0.5020833333333333 0.015625 0.020833333333333332
0 0.8359375 0.46458333333333335 0.015625 0.020833333333333332
0 0.3703125 0.4583333333333333 0.015625 0.020833333333333332
0 0.64375 0.4083333333333333 0.015625 0.020833333333333332
0 0.884375 0.40208333333333335 0.015625 0.020833333333333332
0 0.915625 0.3729166666666667 0.015625 0.020833333333333332
0 0.4296875 0.26666666666666666 0.015625 0.020833333333333332
0 0.8734375 0.26458333333333334 0.015625 0.020833333333333332
0 0.375 0.24375 0.015625 0.020833333333333332
0 0.484375 0.23958333333333334 0.015625 0.020833333333333332
0 0.29375 0.2125 0.015625 0.020833333333333332
0 0.9484375 0.15 0.015625 0.020833333333333332
0 0.3265625 0.10208333333333333 0.015625 0.020833333333333332
0 0.1046875 0.0625 0.015625 0.020833333333333332
0 0.2578125 0.05416666666666667 0.015625 0.020833333333333332