0 0.4796875 0.9395833333333333 0.015625 0.020833333333333332
0 0.3 0.9354166666666667 0.015625 0.020833333333333332
0 0.1890625 0.9083333333333333 0.015625 0.020833333333333332
0 0.421875 0.8645833333333334 0.015625 0.020833333333333332
0 0.13125 0.8333333333333334 0.015625 0.020833333333333332
0 0.228125 0.81875 0.015625 0.020833333333333332
0 0.6578125 0.8 0.015625 0.020833333333333332
0 0.0390625 0.7645833333333333 0.015625 0.020833333333333332
0 0.2890625 0.66875 0.015625 0.020833333333333332
0 0.3890625 0.6 0.015625 0.020833333333333332
0 0.8890625 0.55 0.015625 0.020833333333333332
0 0.9875 0.5145833333333333 0.015625 0.020833333333333332
0 0.5296875 0.46875 0.015625 0.020833333333333332
0 0.5734375 0.4479166666666667 0.015625 0.020833333333333332
0 0.921875 0.3729166666666667 0.015625 0.020833333333333332
0 0.4703125 0.33958333333333335 0.015625 0.020833333333333332
0 0.4171875 0.32916666666666666 0.015625 0.020833333333333332
0 0.30625 0.2625 0.015625 0.020833333333333332
0 0.2375 0.22708333333333333 0.015625 0.020833333333333332
0 0.6296875 0.2125 0.015625 0.020833333333333332
0 0.43125 0.17708333333333334 0.015625 0.020833333333333332
0 0.25625 0.17708333333333334 0.015625 0.020833333333333332
0 0.1609375 0.1625 0.015625 0.020833333333333332
0 0.646875 0.10625 0.015625 0.020833333333333332