0 0.159375 0.9 0.015625 0.020833333333333332
0 0.428125 0.8770833333333333 0.015625 0.020833333333333332
0 0.4 0.8416666666666667 0.015625 0.020833333333333332
0 0.509375 0.83125 0.015625 0.020833333333333332
0 0.2453125 0.7604166666666666 0.015625 0.020833333333333332
0 0.384375 0.7354166666666667 0.015625 0.020833333333333332
0 0.465625 0.7291666666666666 0.015625 0.020833333333333332
0 0.1828125 0.70625 0.015625 0.020833333333333332
0 0.14375 0.6895833333333333 0.015625 0.020833333333333332
0 0.559375 0.675 0.015625 0.020833333333333332
0 0.6734375 0.6291666666666667 0.015625 0.020833333333333332
0 0.3484375 0.5229166666666667 0.015625 0.020833333333333332
0 0.709375 0.36666666666666664 0.015625 0.020833333333333332
0 0.3828125 0.35 0.015625 0.020833333333333332
0 0.2921875 0.34791666666666665 0.015625 0.020833333333333332
0 0.8640625 0.33541666666666664 0.015625 0.020833333333333332
0 0.8109375 0.3125 0.015625 0.020833333333333332
0 0.1625 0.25833333333333336 0.015625 0.020833333333333332
0 0.4546875 0.20833333333333334 0.015625 0.020833333333333332
0 0.0171875 0.13958333333333334 0.015625 0.020833333333333332
0 0.7328125 0.11875 0.015625 0.020833333333333332
0 0.7796875 0.09791666666666667 0.015625 0.020833333333333332
0 0.6421875 0.08541666666666667 0.015625 0.020833333333333332
0 0.0859375 0.04791666666666667 0.015625 0.020833333333333332