0 0.4984375 0.9833333333333333 0.015625 0.020833333333333332
0 0.2765625 0.9770833333333333 0.015625 0.020833333333333332
0 0.44375 0.9395833333333333 0.015625 0.020833333333333332
0 0.4703125 0.85 0.015625 0.020833333333333332
0 0.65 0.7833333333333333 0.015625 0.020833333333333332
0 0.4234375 0.7333333333333333 0.015625 0.020833333333333332
0 0.9125 0.6833333333333333 0.015625 0.020833333333333332
0 0.4578125 0.66875 0.015625 0.020833333333333332
0 0.4140625 0.6291666666666667 0.015625 0.020833333333333332
0 0.3734375 0.5770833333333333 0.015625 0.020833333333333332
0 0.659375 0.5416666666666666 0.015625 0.020833333333333332
0 0.8921875 0.5166666666666667 0.015625 0.020833333333333332
0 0.4203125 0.47291666666666665 0.015625 0.020833333333333332
0 0.6921875 0.43333333333333335 0.015625 0.020833333333333332
0 0.896875 0.39166666666666666 0.015625 0.020833333333333332
0 0.2359375 0.3625 0.015625 0.020833333333333332
0 0.7625 0.3229166666666667 0.015625 0.020833333333333332
0 0.053125 0.2916666666666667 0.015625 0.020833333333333332
0 0.6046875 0.27708333333333335 0.015625 0.020833333333333332
0 0.384375 0.22708333333333333 0.015625 0.020833333333333332
0 0.73125 0.225 0.015625 0.020833333333333332
0 0.8578125 0.22291666666666668 0.015625 0.020833333333333332
0 0.46875 0.16666666666666666 0.015625 0.020833333333333332
0 0.3453125 0.1625 0.015625 0.020833333333333332
0 0.0328125 0.05625 0.015625 0.020833333333333332
0 0.2125 0.04791666666666667 0.015625 0.020833333333333332
0 0.028125 0.020833333333333332 0.015625 0.020833333333333332