0 0.8515625 0.8854166666666666 0.015625 0.020833333333333332
0 0.1140625 0.8583333333333333 0.015625 0.020833333333333332
0 0.20625 0.7395833333333334 0.015625 0.020833333333333332
0 0.878125 0.6604166666666667 0.015625 0.020833333333333332
0 0.8296875 0.55 0.015625 0.020833333333333332
0 0.2828125 0.5395833333333333 0.015625 0.020833333333333332
0 0.3078125 0.5145833333333333 0.015625 0.020833333333333332
0 0.1078125 0.37916666666666665 0.015625 0.020833333333333332
0 0.94375 0.375 0.015625 0.020833333333333332
0 0.8703125 0.25625 0.015625 0.020833333333333332
0 0.9390625 0.08541666666666667 0.015625 0.020833333333333332
0 0.7453125 0.07291666666666667 0.015625 0.020833333333333332
0 0.06875 0.0125 0.015625 0.020833333333333332