0 0.2578125 0.80625 0.015625 0.020833333333333332
0 0.671875 0.7833333333333333 0.015625 0.020833333333333332
0 0.4796875 0.7583333333333333 0.015625 0.020833333333333332
0 0.284375 0.7541666666666667 0.015625 0.020833333333333332
0 0.175 0.75 0.015625 0.020833333333333332
0 0.521875 0.725 0.015625 0.020833333333333332
0 0.7671875 0.6979166666666666 0.015625 0.020833333333333332
0 0.5421875 0.6229166666666667 0.015625 0.020833333333333332
0 0.7765625 0.5958333333333333 0.015625 0.020833333333333332
0 0.590625 0.56875 0.015625 0.020833333333333332
0 0.86875 0.49583333333333335 0.015625 0.020833333333333332
0 0.6296875 0.49375 0.015625 0.020833333333333332
0 0.25 0.35833333333333334 0.015625 0.020833333333333332
0 0.3390625 0.3333333333333333 0.015625 0.020833333333333332
0 0.4625 0.2916666666666667 0.015625 0.020833333333333332
0 0.4984375 0.15416666666666667 0.015625 0.020833333333333332
0 0.121875 0.13958333333333334 0.015625 0.020833333333333332
0 0.6828125 0.1125 0.015625 0.020833333333333332
0 0.8578125 0.09375 0.015625 0.020833333333333332
0 0.5609375 0.06875 0.015625 0.020833333333333332
0 0.515625 0.025 0.015625 0.020833333333333332
0 0.2875 0.022916666666666665 0.015625 0.020833333333333332