0 0.53125 0.9770833333333333 0.015625 0.020833333333333332
0 0.6265625 0.9666666666666667 0.015625 0.020833333333333332
0 0.1015625 0.9583333333333334 0.015625 0.020833333333333332
0 0.4125 0.9541666666666667 0.015625 0.020833333333333332
0 0.74375 0.89375 0.015625 0.020833333333333332
0 0.4109375 0.8895833333333333 0.015625 0.020833333333333332
0 0.9578125 0.85 0.015625 0.020833333333333332
0 0.8828125 0.8458333333333333 0.015625 0.020833333333333332
0 0.56875 0.7604166666666666 0.015625 0.020833333333333332
0 0.0078125 0.7583333333333333 0.015625 0.020833333333333332
0 0.3 0.7416666666666667 0.015625 0.020833333333333332
0 0.3890625 0.6770833333333334 0.015625 0.020833333333333332
0 0.4578125 0.6479166666666667 0.015625 0.020833333333333332
0 0.4890625 0.59375 0.015625 0.020833333333333332
0 0.0453125 0.59375 0.015625 0.020833333333333332
0 0.8984375 0.5854166666666667 0.015625 0.020833333333333332
0 0.865625 0.5729166666666666 0.015625 0.020833333333333332
0 0.3375 0.5395833333333333 0.015625 0.020833333333333332
0 0.7203125 0.50625 0.015625 0.020833333333333332
0 0.259375 0.44375 0.015625 0.020833333333333332
0 0.8671875 0.42916666666666664 0.015625 0.020833333333333332
0 0.4953125 0.4083333333333333 0.015625 0.020833333333333332
0 0.7640625 0.36875 0.015625 0.020833333333333332
0 0.065625 0.36041666666666666 0.015625 0.020833333333333332
0 0.2640625 0.3125 0.015625 0.020833333333333332
0 0.2671875 0.26458333333333334 0.015625 0.020833333333333332
0 0.45 0.25833333333333336 0.015625 0.020833333333333332
0 0.125 0.225 0.015625 0.020833333333333332
0 0.6984375 0.14375 0.015625 0.020833333333333332
0 0.8921875 0.0375 0.015625 0.020833333333333332
0 0.8390625 0.020833333333333332 0.015625 0.020833333333333332
0 0.8046875 0.016666666666666666 0.015625 0.020833333333333332
0 0.253125 0.0125 0.015625 0.020833333333333332