0 0.3703125 0.95625 0.015625 0.020833333333333332
0 0.925 0.9520833333333333 0.015625 0.020833333333333332
0 0.228125 0.8729166666666667 0.015625 0.020833333333333332
0 0.3203125 0.83125 0.015625 0.020833333333333332
0 0.4546875 0.8291666666666667 0.015625 0.020833333333333332
0 0.075 0.8291666666666667 0.015625 0.020833333333333332
0 0.721875 0.8145833333333333 0.015625 0.020833333333333332
0 0.2921875 0.8083333333333333 0.015625 0.020833333333333332
0 0.6546875 0.79375 0.015625 0.020833333333333332
0 0.2578125 0.7208333333333333 0.015625 0.020833333333333332
0 0.4421875 0.7041666666666667 0.015625 0.020833333333333332
0 0.7921875 0.6333333333333333 0.015625 0.020833333333333332
0 0.265625 0.625 0.015625 0.020833333333333332
0 0.98125 0.6125 0.015625 0.020833333333333332
0 0.14375 0.575 0.015625 0.020833333333333332
0 0.328125 0.5666666666666667 0.015625 0.020833333333333332
0 0.6921875 0.55625 0.015625 0.020833333333333332
0 0.4390625 0.46458333333333335 0.015625 0.020833333333333332
0 0.4921875 0.46041666666666664 0.015625 0.020833333333333332
0 0.771875 0.4041666666666667 0.015625 0.020833333333333332
0 0.9578125 0.38958333333333334 0.015625 0.020833333333333332
0 0.9265625 0.32083333333333336 0.015625 0.020833333333333332
0 0.025 0.2875 0.015625 0.020833333333333332
0 0.9546875 0.25416666666666665 0.015625 0.020833333333333332
0 0.04375 0.20416666666666666 0.015625 0.020833333333333332
0 0.403125 0.1875 0.015625 0.020833333333333332
0 0.5359375 0.15833333333333333 0.015625 0.020833333333333332
0 0.2828125 0.15833333333333333 0.015625 0.020833333333333332
0 0.490625 0.15625 0.015625 0.020833333333333332
0 0.928125 0.14375 0.015625 0.020833333333333332
0 0.7671875 0.07291666666666667 0.015625 0.020833333333333332
0 0.553125 0.05416666666666667 0.015625 0.020833333333333332