0 0.2515625 0.99375 0.015625 0.020833333333333332
0 0.1546875 0.9791666666666666 0.015625 0.020833333333333332
0 0.96875 0.975 0.015625 0.020833333333333332
0 0.5125 0.9541666666666667 0.015625 0.020833333333333332
0 0.7546875 0.9083333333333333 0.015625 0.020833333333333332
0 0.190625 0.85625 0.015625 0.020833333333333332
0 0.625 0.8395833333333333 0.015625 0.020833333333333332
0 0.4171875 0.8354166666666667 0.015625 0.020833333333333332
0 0.990625 0.8333333333333334 0.015625 0.020833333333333332
0 0.2578125 0.8333333333333334 0.015625 0.020833333333333332
0 0.5140625 0.8229166666666666 0.015625 0.020833333333333332
0 0.46875 0.7854166666666667 0.015625 0.020833333333333332
0 0.7796875 0.7395833333333334 0.015625 0.020833333333333332
0 0.5921875 0.7166666666666667 0.015625 0.020833333333333332
0 0.253125 0.7 0.015625 0.020833333333333332
0 0.2671875 0.6729166666666667 0.015625 0.020833333333333332
0 0.1609375 0.6645833333333333 0.015625 0.020833333333333332
0 0.8671875 0.6416666666666667 0.015625 0.020833333333333332
0 0.2265625 0.6375 0.015625 0.020833333333333332
0 0.525 0.625 0.015625 0.020833333333333332
0 0.26875 0.6125 0.015625 0.020833333333333332
0 0.215625 0.5895833333333333 0.015625 0.020833333333333332
0 0.1671875 0.5541666666666667 0.015625 0.020833333333333332
0 0.175 0.51875 0.015625 0.020833333333333332
0 0.4703125 0.49375 0.015625 0.020833333333333332
0 0.83125 0.48541666666666666 0.015625 0.020833333333333332
0 0.3078125 0.4125 0.015625 0.020833333333333332
0 0.365625 0.40208333333333335 0.015625 0.020833333333333332
0 0.096875 0.36666666666666664 0.015625 0.020833333333333332
0 0.528125 0.35625 0.015625 0.020833333333333332
0 0.1640625 0.26875 0.015625 0.020833333333333332
0 0.7921875 0.25833333333333336 0.015625 0.020833333333333332
0 0.66875 0.21041666666666667 0.015625 0.020833333333333332
0 0.1296875 0.16666666666666666 0.015625 0.020833333333333332
0 0.7765625 0.15416666666666667 0.015625 0.020833333333333332
0 0.184375 0.14791666666666667 0.015625 0.020833333333333332
0 0.6859375 0.13125 0.015625 0.020833333333333332
0 0.04375 0.13125 0.015625 0.020833333333333332
0 0.8203125 0.12291666666666666 0.015625 0.020833333333333332
0 0.5703125 0.06875 0.015625 0.020833333333333332
0 0.7859375 0.06458333333333334 0.015625 0.020833333333333332
0 0.0578125 0.020833333333333332 0.015625 0.020833333333333332