0 0.3484375 0.9625 0.015625 0.020833333333333332
0 0.13125 0.925 0.015625 0.020833333333333332
0 0.91875 0.9104166666666667 0.015625 0.020833333333333332
0 0.1375 0.8916666666666667 0.015625 0.020833333333333332
0 0.05625 0.8895833333333333 0.015625 0.020833333333333332
0 0.1640625 0.85 0.015625 0.020833333333333332
0 0.209375 0.8416666666666667 0.015625 0.020833333333333332
0 0.31875 0.8333333333333334 0.015625 0.020833333333333332
0 0.471875 0.78125 0.015625 0.020833333333333332
0 0.01875 0.7791666666666667 0.015625 0.020833333333333332
0 0.846875 0.7645833333333333 0.015625 0.020833333333333332
0 0.1109375 0.7083333333333334 0.015625 0.020833333333333332
0 0.85625 0.6645833333333333 0.015625 0.020833333333333332
0 0.325 0.6270833333333333 0.015625 0.020833333333333332
0 0.3875 0.5895833333333333 0.015625 0.020833333333333332
0 0.7375 0.5270833333333333 0.015625 0.020833333333333332
0 0.79375 0.49166666666666664 0.015625 0.020833333333333332
0 0.55625 0.4708333333333333 0.015625 0.020833333333333332
0 0.759375 0.45 0.015625 0.020833333333333332
0 0.3859375 0.3729166666666667 0.015625 0.020833333333333332
0 0.9828125 0.3645833333333333 0.015625 0.020833333333333332
0 0.29375 0.35833333333333334 0.015625 0.020833333333333332
0 0.725 0.3229166666666667 0.015625 0.020833333333333332
0 0.3875 0.2604166666666667 0.015625 0.020833333333333332
0 0.8015625 0.18958333333333333 0.015625 0.020833333333333332
0 0.615625 0.18541666666666667 0.015625 0.020833333333333332
0 0.0296875 0.17708333333333334 0.015625 0.020833333333333332
0 0.35625 0.09166666666666666 0.015625 0.020833333333333332
0 0.79375 0.05 0.015625 0.020833333333333332