0 0.51875 0.9770833333333333 0.015625 0.020833333333333332
0 0.1203125 0.9770833333333333 0.015625 0.020833333333333332
0 0.3171875 0.975 0.015625 0.020833333333333332
0 0.6296875 0.9416666666666667 0.015625 0.020833333333333332
0 0.496875 0.9291666666666667 0.015625 0.020833333333333332
0 0.86875 0.9041666666666667 0.015625 0.020833333333333332
0 0.1734375 0.9020833333333333 0.015625 0.020833333333333332
0 0.325 0.8895833333333333 0.015625 0.020833333333333332
0 0.1015625 0.85625 0.015625 0.020833333333333332
0 0.5859375 0.8375 0.015625 0.020833333333333332
0 0.340625 0.8291666666666667 0.015625 0.020833333333333332
0 0.9265625 0.8145833333333333 0.015625 0.020833333333333332
0 0.1921875 0.7979166666666667 0.015625 0.020833333333333332
0 0.7359375 0.7791666666666667 0.015625 0.020833333333333332
0 0.546875 0.7625 0.015625 0.020833333333333332
0 0.8640625 0.675 0.015625 0.020833333333333332
0 0.3078125 0.65625 0.015625 0.020833333333333332
0 0.1859375 0.6375 0.015625 0.020833333333333332
0 0.9125 0.6208333333333333 0.015625 0.020833333333333332
0 0.8875 0.5708333333333333 0.015625 0.020833333333333332
0 0.2625 0.55625 0.015625 0.020833333333333332
0 0.6484375 0.5208333333333334 0.015625 0.020833333333333332
0 0.15625 0.475 0.015625 0.020833333333333332
0 0.590625 0.45416666666666666 0.015625 0.020833333333333332
0 0.8890625 0.42916666666666664 0.015625 0.020833333333333332
0 0.190625 0.41458333333333336 0.015625 0.020833333333333332
0 0.78125 0.3333333333333333 0.015625 0.020833333333333332
0 0.4296875 0.22291666666666668 0.015625 0.020833333333333332
0 0.98125 0.20833333333333334 0.015625 0.020833333333333332
0 0.378125 0.14583333333333334 0.015625 0.020833333333333332
0 0.8078125 0.13541666666666666 0.015625 0.020833333333333332
0 0.271875 0.1125 0.015625 0.020833333333333332
0 0.375 0.11041666666666666 0.015625 0.020833333333333332
0 0.328125 0.09791666666666667 0.015625 0.020833333333333332
0 0.0921875 0.09583333333333334 0.015625 0.020833333333333332
0 0.0421875 0.075 0.015625 0.020833333333333332
0 0.621875 0.0375 0.015625 0.020833333333333332