0 0.46875 0.8854166666666666 0.015625 0.020833333333333332
0 0.7546875 0.8666666666666667 0.015625 0.020833333333333332
0 0.078125 0.8604166666666667 0.015625 0.020833333333333332
0 0.375 0.8479166666666667 0.015625 0.020833333333333332
0 0.6296875 0.775 0.015625 0.020833333333333332
0 0.1140625 0.7625 0.015625 0.020833333333333332
0 0.3046875 0.7604166666666666 0.015625 0.020833333333333332
0 0.428125 0.7354166666666667 0.015625 0.020833333333333332
0 0.384375 0.725 0.015625 0.020833333333333332
0 0.1109375 0.70625 0.015625 0.020833333333333332
0 0.8203125 0.6333333333333333 0.015625 0.020833333333333332
0 0.6671875 0.625 0.015625 0.020833333333333332
0 0.3578125 0.6104166666666667 0.015625 0.020833333333333332
0 0.8671875 0.5979166666666667 0.015625 0.020833333333333332
0 0.1046875 0.59375 0.015625 0.020833333333333332
0 0.821875 0.58125 0.015625 0.020833333333333332
0 0.3109375 0.5708333333333333 0.015625 0.020833333333333332
0 0.2296875 0.5541666666666667 0.015625 0.020833333333333332
0 0.784375 0.4583333333333333 0.015625 0.020833333333333332
0 0.409375 0.44583333333333336 0.015625 0.020833333333333332
0 0.2390625 0.275 0.015625 0.020833333333333332
0 0.98125 0.24583333333333332 0.015625 0.020833333333333332
0 0.065625 0.23958333333333334 0.015625 0.020833333333333332
0 0.265625 0.125 0.015625 0.020833333333333332
0 0.609375 0.05625 0.015625 0.020833333333333332