0 0.0140625 0.9416666666666667 0.015625 0.020833333333333332
0 0.434375 0.9083333333333333 0.015625 0.020833333333333332
0 0.415625 0.80625 0.015625 0.020833333333333332
0 0.9453125 0.8 0.015625 0.020833333333333332
0 0.4390625 0.775 0.015625 0.020833333333333332
0 0.0171875 0.7666666666666667 0.015625 0.020833333333333332
0 0.1296875 0.7416666666666667 0.015625 0.020833333333333332
0 0.0796875 0.7375 0.015625 0.020833333333333332
0 0.4828125 0.7270833333333333 0.015625 0.020833333333333332
0 0.2390625 0.6833333333333333 0.015625 0.020833333333333332
0 0.690625 0.6625 0.015625 0.020833333333333332
0 0.4484375 0.58125 0.015625 0.020833333333333332
0 0.5890625 0.5354166666666667 0.015625 0.020833333333333332
0 0.6984375 0.5145833333333333 0.015625 0.020833333333333332
0 0.5625 0.4979166666666667 0.015625 0.020833333333333332
0 0.8734375 0.47708333333333336 0.015625 0.020833333333333332
0 0.5546875 0.44375 0.015625 0.020833333333333332
0 0.73125 0.4354166666666667 0.015625 0.020833333333333332
0 0.3921875 0.425 0.015625 0.020833333333333332
0 0.675 0.39166666666666666 0.015625 0.020833333333333332
0 0.43125 0.35833333333333334 0.015625 0.020833333333333332
0 0.25 0.3375 0.015625 0.020833333333333332
0 0.9359375 0.33125 0.015625 0.020833333333333332
0 0.628125 0.2916666666666667 0.015625 0.020833333333333332
0 0.9359375 0.2625 0.015625 0.020833333333333332
0 0.4734375 0.20208333333333334 0.015625 0.020833333333333332
0 0.6703125 0.19375 0.015625 0.020833333333333332
0 0.3203125 0.10625 0.015625 0.020833333333333332
0 0.575 0.09166666666666666 0.015625 0.020833333333333332
0 0.7703125 0.06875 0.015625 0.020833333333333332
0 0.175 0.01875 0.015625 0.020833333333333332