0 0.590625 0.95 0.015625 0.020833333333333332
0 0.29375 0.9354166666666667 0.015625 0.020833333333333332
0 0.0203125 0.9291666666666667 0.015625 0.020833333333333332
0 0.4484375 0.8770833333333333 0.015625 0.020833333333333332
0 0.7640625 0.8666666666666667 0.015625 0.020833333333333332
0 0.078125 0.7270833333333333 0.015625 0.020833333333333332
0 0.9875 0.7020833333333333 0.015625 0.020833333333333332
0 0.6140625 0.7020833333333333 0.015625 0.020833333333333332
0 0.50625 0.6666666666666666 0.015625 0.020833333333333332
0 0.0078125 0.6291666666666667 0.015625 0.020833333333333332
0 0.075 0.6145833333333334 0.015625 0.020833333333333332
0 0.3953125 0.6104166666666667 0.015625 0.020833333333333332
0 0.2921875 0.59375 0.015625 0.020833333333333332
0 0.7921875 0.56875 0.015625 0.020833333333333332
0 0.2203125 0.55 0.015625 0.020833333333333332
0 0.815625 0.5229166666666667 0.015625 0.020833333333333332
0 0.55 0.47708333333333336 0.015625 0.020833333333333332
0 0.24375 0.43125 0.015625 0.020833333333333332
0 0.459375 0.3729166666666667 0.015625 0.020833333333333332
0 0.28125 0.3145833333333333 0.015625 0.020833333333333332
0 0.315625 0.26875 0.015625 0.020833333333333332
0 0.034375 0.17708333333333334 0.015625 0.020833333333333332
0 0.0921875 0.175 0.015625 0.020833333333333332
0 0.471875 0.14375 0.015625 0.020833333333333332
0 0.421875 0.12083333333333333 0.015625 0.020833333333333332
0 0.0671875 0.11875 0.015625 0.020833333333333332
0 0.753125 0.10208333333333333 0.015625 0.020833333333333332
0 0.18125 0.08541666666666667 0.015625 0.020833333333333332
0 0.15 0.058333333333333334 0.015625 0.020833333333333332
0 0.63125 0.05 0.015625 0.020833333333333332