0 0.2203125 0.9604166666666667 0.015625 0.020833333333333332
0 0.778125 0.9375 0.015625 0.020833333333333332
0 0.2984375 0.9104166666666667 0.015625 0.020833333333333332
0 0.36875 0.8875 0.015625 0.020833333333333332
0 0.8125 0.8708333333333333 0.015625 0.020833333333333332
0 0.0265625 0.825 0.015625 0.020833333333333332
0 0.7640625 0.8166666666666667 0.015625 0.020833333333333332
0 0.0953125 0.74375 0.015625 0.020833333333333332
0 0.7046875 0.7 0.015625 0.020833333333333332
0 0.2046875 0.68125 0.015625 0.020833333333333332
0 0.890625 0.6770833333333334 0.015625 0.020833333333333332
0 0.2734375 0.6708333333333333 0.015625 0.020833333333333332
0 0.2328125 0.6708333333333333 0.015625 0.020833333333333332
0 0.3234375 0.6020833333333333 0.015625 0.020833333333333332
0 0.8734375 0.6 0.015625 0.020833333333333332
0 0.4625 0.5520833333333334 0.015625 0.020833333333333332
0 0.05625 0.48125 0.015625 0.020833333333333332
0 0.00625 0.41458333333333336 0.015625 0.020833333333333332
0 0.184375 0.36041666666666666 0.015625 0.020833333333333332
0 0.8640625 0.3458333333333333 0.015625 0.020833333333333332
0 0.5015625 0.33125 0.015625 0.020833333333333332
0 0.3078125 0.32708333333333334 0.015625 0.020833333333333332
0 0.5921875 0.29583333333333334 0.015625 0.020833333333333332
0 0.0140625 0.26875 0.015625 0.020833333333333332
0 0.84375 0.25625 0.015625 0.020833333333333332
0 0.4953125 0.23541666666666666 0.015625 0.020833333333333332
0 0.928125 0.16041666666666668 0.015625 0.020833333333333332
0 0.35625 0.09583333333333334 0.015625 0.020833333333333332
0 0.6546875 0.07708333333333334 0.015625 0.020833333333333332