0 0.328125 0.98125 0.015625 0.020833333333333332
0 0.9078125 0.95625 0.015625 0.020833333333333332
0 0.325 0.9020833333333333 0.015625 0.020833333333333332
0 0.453125 0.8979166666666667 0.015625 0.020833333333333332
0 0.2078125 0.7520833333333333 0.015625 0.020833333333333332
0 0.934375 0.6541666666666667 0.015625 0.020833333333333332
0 0.75625 0.6458333333333334 0.015625 0.020833333333333332
0 0.6171875 0.63125 0.015625 0.020833333333333332
0 0.4125 0.5875 0.015625 0.020833333333333332
0 0.478125 0.5666666666666667 0.015625 0.020833333333333332
0 0.2140625 0.5333333333333333 0.015625 0.020833333333333332
0 0.0296875 0.5166666666666667 0.015625 0.020833333333333332
0 0.81875 0.4875 0.015625 0.020833333333333332
0 0.7546875 0.4791666666666667 0.015625 0.020833333333333332
0 0.6203125 0.4708333333333333 0.015625 0.020833333333333332
0 0.4609375 0.39791666666666664 0.015625 0.020833333333333332
0 0.7671875 0.23125 0.015625 0.020833333333333332
0 0.70625 0.15208333333333332 0.015625 0.020833333333333332
0 0.6640625 0.1375 0.015625 0.020833333333333332
0 0.765625 0.12291666666666666 0.015625 0.020833333333333332
0 0.6546875 0.06041666666666667 0.015625 0.020833333333333332