0 0.61875 0.94375 0.015625 0.020833333333333332
0 0.35 0.9354166666666667 0.015625 0.020833333333333332
0 0.7234375 0.9270833333333334 0.015625 0.020833333333333332
0 0.8421875 0.8833333333333333 0.015625 0.020833333333333332
0 0.2515625 0.8666666666666667 0.015625 0.020833333333333332
0 0.88125 0.83125 0.015625 0.020833333333333332
0 0.0609375 0.7979166666666667 0.015625 0.020833333333333332
0 0.1171875 0.7708333333333334 0.015625 0.020833333333333332
0 0.2453125 0.7354166666666667 0.015625 0.020833333333333332
0 0.2796875 0.7145833333333333 0.015625 0.020833333333333332
0 0.8609375 0.7125 0.015625 0.020833333333333332
0 0.6640625 0.7 0.015625 0.020833333333333332
0 0.50625 0.6708333333333333 0.015625 0.020833333333333332
0 0.7640625 0.65625 0.015625 0.020833333333333332
0 0.2640625 0.6541666666666667 0.015625 0.020833333333333332
0 0.61875 0.6291666666666667 0.015625 0.020833333333333332
0 0.409375 0.61875 0.015625 0.020833333333333332
0 0.6078125 0.48333333333333334 0.015625 0.020833333333333332
0 0.6484375 0.47291666666666665 0.015625 0.020833333333333332
0 0.8609375 0.46458333333333335 0.015625 0.020833333333333332
0 0.496875 0.43333333333333335 0.015625 0.020833333333333332
0 0.596875 0.43125 0.015625 0.020833333333333332
0 0.69375 0.37916666666666665 0.015625 0.020833333333333332
0 0.7578125 0.3145833333333333 0.015625 0.020833333333333332
0 0.9875 0.28125 0.015625 0.020833333333333332
0 0.59375 0.2604166666666667 0.015625 0.020833333333333332
0 0.0703125 0.25625 0.015625 0.020833333333333332
0 0.64375 0.1625 0.015625 0.020833333333333332
0 0.5796875 0.07291666666666667 0.015625 0.020833333333333332