0 0.25 0.9875 0.015625 0.020833333333333332
0 0.434375 0.9541666666666667 0.015625 0.020833333333333332
0 0.0234375 0.9354166666666667 0.015625 0.020833333333333332
0 0.3984375 0.9270833333333334 0.015625 0.020833333333333332
0 0.4453125 0.9125 0.015625 0.020833333333333332
0 0.55 0.8958333333333334 0.015625 0.020833333333333332
0 0.496875 0.86875 0.015625 0.020833333333333332
0 0.071875 0.8291666666666667 0.015625 0.020833333333333332
0 0.2828125 0.80625 0.015625 0.020833333333333332
0 0.1609375 0.7916666666666666 0.015625 0.020833333333333332
0 0.68125 0.7166666666666667 0.015625 0.020833333333333332
0 0.703125 0.6104166666666667 0.015625 0.020833333333333332
0 0.4 0.58125 0.015625 0.020833333333333332
0 0.9390625 0.5520833333333334 0.015625 0.020833333333333332
0 0.3265625 0.5375 0.015625 0.020833333333333332
0 0.15 0.5041666666666667 0.015625 0.020833333333333332
0 0.046875 0.4979166666666667 0.015625 0.020833333333333332
0 0.6953125 0.4791666666666667 0.015625 0.020833333333333332
0 0.9609375 0.47708333333333336 0.015625 0.020833333333333332
0 0.6125 0.45625 0.015625 0.020833333333333332
0 0.76875 0.38125 0.015625 0.020833333333333332
0 0.4265625 0.35625 0.015625 0.020833333333333332
0 0.184375 0.34791666666666665 0.015625 0.020833333333333332
0 0.1125 0.3333333333333333 0.015625 0.020833333333333332
0 0.1015625 0.2708333333333333 0.015625 0.020833333333333332
0 0.209375 0.21041666666666667 0.015625 0.020833333333333332
0 0.8875 0.19375 0.015625 0.020833333333333332
0 0.7796875 0.18125 0.015625 0.020833333333333332
0 0.209375 0.15416666666666667 0.015625 0.020833333333333332
0 0.4515625 0.10625 0.015625 0.020833333333333332
0 0.15625 0.08125 0.015625 0.020833333333333332
0 0.471875 0.052083333333333336 0.015625 0.020833333333333332
0 0.740625 0.0375 0.015625 0.020833333333333332