0 0.1796875 0.9375 0.015625 0.020833333333333332
0 0.384375 0.9104166666666667 0.015625 0.020833333333333332
0 0.48125 0.8604166666666667 0.015625 0.020833333333333332
0 0.0234375 0.8416666666666667 0.015625 0.020833333333333332
0 0.1234375 0.825 0.015625 0.020833333333333332
0 0.8734375 0.8041666666666667 0.015625 0.020833333333333332
0 0.134375 0.6458333333333334 0.015625 0.020833333333333332
0 0.71875 0.6208333333333333 0.015625 0.020833333333333332
0 0.275 0.5166666666666667 0.015625 0.020833333333333332
0 0.090625 0.50625 0.015625 0.020833333333333332
0 0.696875 0.4708333333333333 0.015625 0.020833333333333332
0 0.134375 0.46875 0.015625 0.020833333333333332
0 0.2765625 0.40208333333333335 0.015625 0.020833333333333332
0 0.0703125 0.40208333333333335 0.015625 0.020833333333333332
0 0.471875 0.35625 0.015625 0.020833333333333332
0 0.121875 0.33541666666666664 0.015625 0.020833333333333332
0 0.3015625 0.32708333333333334 0.015625 0.020833333333333332
0 0.9390625 0.22083333333333333 0.015625 0.020833333333333332
0 0.3375 0.20625 0.015625 0.020833333333333332
0 0.2609375 0.12708333333333333 0.015625 0.020833333333333332
0 0.31875 0.10416666666666667 0.015625 0.020833333333333332
0 0.5671875 0.09791666666666667 0.015625 0.020833333333333332
0 0.5921875 0.022916666666666665 0.015625 0.020833333333333332