0 0.3078125 0.9479166666666666 0.015625 0.020833333333333332
0 0.9859375 0.9416666666666667 0.015625 0.020833333333333332
0 0.4875 0.93125 0.015625 0.020833333333333332
0 0.4484375 0.8958333333333334 0.015625 0.020833333333333332
0 0.51875 0.88125 0.015625 0.020833333333333332
0 0.06875 0.7979166666666667 0.015625 0.020833333333333332
0 0.4859375 0.7895833333333333 0.015625 0.020833333333333332
0 0.625 0.7229166666666667 0.015625 0.020833333333333332
0 0.1 0.6791666666666667 0.015625 0.020833333333333332
0 0.84375 0.6625 0.015625 0.020833333333333332
0 0.209375 0.6229166666666667 0.015625 0.020833333333333332
0 0.6828125 0.4791666666666667 0.015625 0.020833333333333332
0 0.596875 0.4354166666666667 0.015625 0.020833333333333332
0 0.984375 0.37083333333333335 0.015625 0.020833333333333332
0 0.1109375 0.34791666666666665 0.015625 0.020833333333333332
0 0.2703125 0.3145833333333333 0.015625 0.020833333333333332
0 0.16875 0.25833333333333336 0.015625 0.020833333333333332
0 0.0125 0.1875 0.015625 0.020833333333333332
0 0.1140625 0.08958333333333333 0.015625 0.020833333333333332
0 0.565625 0.07708333333333334 0.015625 0.020833333333333332
0 0.0265625 0.04583333333333333 0.015625 0.020833333333333332